1,155,52.87
2,175,59.70
3,153,52.19
4,166,56.63
5,106,36.16
6,169,57.65
7,154,52.53
8,128,43.66
Forno LIGADOForno LIGADOForno LIGADOForno LIGADOForno LIGADO9,129,44.01
Forno LIGADOForno LIGADOForno LIGADO10,109,37.18
11,99,33.77
12,144,49.12
13,109,37.18
14,110,37.52
15,110,37.52
16,112,38.21
17,151,51.51
18,129,44.01
19,106,36.16
20,77,26.27
21,59,20.13
22,144,49.12
23,115,39.23
24,192,65.50
25,107,36.50
26,150,51.17
27,112,38.21
28,124,42.30
29,155,52.87
30,118,40.25
31,151,51.51
32,151,51.51
33,145,49.46
34,129,44.01
35,147,50.15
36,155,52.87
37,125,42.64
38,144,49.12
39,157,53.56
40,151,51.51
41,128,43.66
42,195,66.52
43,142,48.44
44,128,43.66
45,154,52.53
46,139,47.42
47,171,58.33
48,133,45.37
49,144,49.12
50,138,47.08
51,149,50.83
52,177,60.38
53,164,55.94
54,157,53.56
55,180,61.40
56,164,55.94
57,144,49.12
58,128,43.66
59,115,39.23
60,176,60.04
61,160,54.58
62,163,55.60
63,113,38.55
64,170,57.99
65,144,49.12
66,157,53.56
67,176,60.04
68,176,60.04
69,180,61.40
70,181,61.74
71,195,66.52
72,163,55.60
73,135,46.05
74,132,45.03
75,152,51.85
76,141,48.10
77,173,59.01
78,171,58.33
79,144,49.12
80,176,60.04
81,148,50.49
82,151,51.51
83,167,56.97
84,178,60.72
85,180,61.40
86,223,76.07
87,194,66.18
88,214,73.00
89,149,50.83
90,143,48.78
91,170,57.99
92,123,41.96
93,176,60.04
94,160,54.58
95,188,64.13
96,111,37.86
97,144,49.12
98,127,43.32
99,189,64.47
100,158,53.90
101,184,62.77
102,215,73.34
103,150,51.17
104,205,69.93
105,165,56.29
106,194,66.18
107,171,58.33
108,183,62.43
109,159,54.24
110,178,60.72
111,167,56.97
112,203,69.25
113,206,70.27
114,184,62.77
115,196,66.86
116,176,60.04
117,213,72.66
118,230,78.46
119,176,60.04
120,176,60.04
121,185,63.11
122,207,70.61
123,168,57.31
124,182,62.08
125,209,71.30
126,161,54.92
127,147,50.15
128,188,64.13
129,177,60.38
130,240,81.87
131,175,59.70
132,201,68.57
133,216,73.68
134,213,72.66
135,215,73.34
136,234,79.82
137,206,70.27
138,219,74.71
139,175,59.70
140,221,75.39
141,162,55.26
142,199,67.88
143,203,69.25
144,240,81.87
145,232,79.14
146,192,65.50
147,214,73.00
148,185,63.11
149,238,81.19
150,169,57.65
151,186,63.45
152,240,81.87
153,219,74.71
154,192,65.50
155,229,78.12
156,253,86.30
157,224,76.41
158,214,73.00
159,231,78.80
160,190,64.81
161,224,76.41
162,210,71.64
163,178,60.72
164,224,76.41
165,240,81.87
166,254,86.65
167,253,86.30
168,198,67.54
169,238,81.19
170,224,76.41
171,192,65.50
172,239,81.53
173,179,61.06
174,241,82.21
175,226,77.09
176,245,83.58
177,272,92.79
178,193,65.84
179,225,76.75
180,208,70.95
181,194,66.18
182,234,79.82
183,256,87.33
184,228,77.78
185,192,65.50
186,243,82.89
187,208,70.95
188,256,87.33
189,258,88.01
190,256,87.33
191,246,83.92
192,215,73.34
193,240,81.87
194,213,72.66
195,272,92.79
196,240,81.87
197,208,70.95
198,239,81.53
199,246,83.92
200,295,100.63
201,255,86.99
202,279,95.17
203,271,92.45
204,250,85.28
205,238,81.19
206,279,95.17
207,295,100.63
208,261,89.03
209,272,92.79
210,242,82.55
211,178,60.72
212,302,103.02
213,271,92.45
214,277,94.49
215,302,103.02
216,318,108.48
217,240,81.87
218,292,99.61
219,256,87.33
220,227,77.44
221,247,84.26
222,330,112.57
223,266,90.74
224,282,96.20
225,301,102.68
226,234,79.82
227,257,87.67
228,260,88.69
229,284,96.88
230,274,93.47
231,285,97.22
232,254,86.65
233,285,97.22
234,234,79.82
235,282,96.20
236,266,90.74
237,272,92.79
238,269,91.76
239,254,86.65
240,272,92.79
241,304,103.70
242,306,104.38
243,272,92.79
244,291,99.27
245,306,104.38
246,249,84.94
247,288,98.24
248,239,81.53
249,304,103.70
250,272,92.79
251,247,84.26
252,325,110.87
253,257,87.67
254,259,88.35
255,271,92.45
256,274,93.47
257,240,81.87
258,298,101.66
259,316,107.80
260,309,105.41
261,273,93.13
262,283,96.54
263,290,98.93
264,302,103.02
265,327,111.55
266,259,88.35
267,262,89.38
268,260,88.69
269,283,96.54
270,270,92.10
271,290,98.93
272,310,105.75
273,310,105.75
274,246,83.92
275,309,105.41
276,321,109.50
277,285,97.22
278,282,96.20
279,314,107.11
280,294,100.29
281,326,111.21
282,321,109.50
283,334,113.94
284,321,109.50
285,295,100.63
286,254,86.65
287,307,104.73
288,301,102.68
289,302,103.02
290,288,98.24
291,350,119.39
292,282,96.20
293,308,105.07
294,284,96.88
295,303,103.36
296,308,105.07
297,304,103.70
298,297,101.31
299,297,101.31
300,318,108.48
301,286,97.56
302,310,105.75
303,320,109.16
304,275,93.81
305,356,121.44
306,326,111.21
307,304,103.70
308,322,109.84
309,349,119.05
310,320,109.16
311,368,125.53
312,326,111.21
313,336,114.62
314,294,100.29
315,337,114.96
316,334,113.94
317,304,103.70
318,293,99.95
319,290,98.93
320,320,109.16
321,290,98.93
322,315,107.45
323,313,106.77
324,293,99.95
325,320,109.16
326,325,110.87
327,335,114.28
328,317,108.14
329,335,114.28
330,350,119.39
331,289,98.59
332,333,113.59
333,352,120.08
334,362,123.49
335,336,114.62
336,361,123.15
337,350,119.39
338,336,114.62
339,312,106.43
340,336,114.62
341,323,110.18
342,362,123.49
343,350,119.39
344,310,105.75
345,336,114.62
346,368,125.53
347,297,101.31
348,368,125.53
349,384,130.99
350,347,118.37
351,321,109.50
352,304,103.70
353,326,111.21
354,349,119.05
355,306,104.38
356,348,118.71
357,327,111.55
358,349,119.05
359,333,113.59
360,316,107.80
361,333,113.59
362,336,114.62
363,378,128.95
364,324,110.52
365,400,136.45
366,360,122.81
367,389,132.70
368,334,113.94
369,388,132.36
370,370,126.22
371,365,124.51
372,368,125.53
373,347,118.37
374,315,107.45
375,381,129.97
376,359,122.46
377,402,137.13
378,384,130.99
379,380,129.63
380,354,120.76
381,336,114.62
382,384,130.99
383,333,113.59
384,354,120.76
385,359,122.46
386,354,120.76
387,351,119.74
388,334,113.94
389,382,130.31
390,377,128.60
391,337,114.96
392,329,112.23
393,357,121.78
394,400,136.45
395,347,118.37
396,327,111.55
397,430,146.68
398,385,131.33
399,349,119.05
400,343,117.01
401,351,119.74
402,368,125.53
403,352,120.08
404,374,127.58
405,367,125.19
406,384,130.99
407,399,136.11
408,386,131.67
409,357,121.78
410,368,125.53
411,374,127.58
412,335,114.28
413,384,130.99
414,364,124.17
415,357,121.78
416,370,126.22
417,400,136.45
418,394,134.40
419,407,138.84
420,384,130.99
421,395,134.74
422,371,126.56
423,389,132.70
424,367,125.19
425,419,142.93
426,384,130.99
427,365,124.51
428,357,121.78
429,386,131.67
430,406,138.50
431,336,114.62
432,380,129.63
433,403,137.47
434,394,134.40
435,339,115.64
436,432,147.37
437,384,130.99
438,372,126.90
439,400,136.45
440,368,125.53
441,409,139.52
442,355,121.10
443,382,130.31
444,390,133.04
445,389,132.70
446,389,132.70
447,384,130.99
448,366,124.85
449,365,124.51
450,387,132.02
451,352,120.08
452,372,126.90
453,352,120.08
454,397,135.43
455,422,143.96
456,399,136.11
457,400,136.45
458,401,136.79
459,369,125.88
460,325,110.87
461,418,142.59
462,402,137.13
463,361,123.15
464,388,132.36
465,368,125.53
466,435,148.39
467,406,138.50
468,388,132.36
469,375,127.92
470,419,142.93
471,381,129.97
472,373,127.24
473,386,131.67
474,403,137.47
475,414,141.23
476,377,128.60
477,409,139.52
478,401,136.79
479,416,141.91
480,413,140.89
481,387,132.02
482,425,144.98
483,413,140.89
484,408,139.18
485,418,142.59
486,410,139.86
487,382,130.31
488,383,130.65
489,444,151.46
490,528,180.11
491,442,150.78
492,427,145.66
493,381,129.97
494,374,127.58
495,415,141.57
496,367,125.19
497,413,140.89
498,427,145.66
499,430,146.68
500,400,136.45
501,400,136.45
502,382,130.31
503,414,141.23
504,389,132.70
505,379,129.29
506,435,148.39
507,410,139.86
508,413,140.89
509,440,150.10
510,459,156.58
511,439,149.75
512,426,145.32
513,419,142.93
514,367,125.19
515,386,131.67
516,451,153.85
517,425,144.98
518,415,141.57
519,406,138.50
520,463,157.94
521,395,134.74
522,432,147.37
523,399,136.11
524,444,151.46
525,418,142.59
526,426,145.32
527,439,149.75
528,431,147.03
529,378,128.95
530,415,141.57
531,432,147.37
532,381,129.97
533,416,141.91
534,464,158.28
535,356,121.44
536,412,140.54
537,454,154.87
538,405,138.16
539,435,148.39
540,430,146.68
541,441,150.44
542,400,136.45
543,422,143.96
544,429,146.34
545,403,137.47
546,445,151.80
547,449,153.17
548,432,147.37
549,454,154.87
550,448,152.82
551,460,156.92
552,433,147.71
553,434,148.05
554,412,140.54
555,433,147.71
556,422,143.96
557,438,149.41
558,441,150.44
559,406,138.50
560,464,158.28
561,398,135.77
562,448,152.82
563,456,155.55
564,408,139.18
565,415,141.57
566,464,158.28
567,422,143.96
568,421,143.61
569,467,159.31
570,402,137.13
571,450,153.51
572,435,148.39
573,446,152.14
574,429,146.34
575,432,147.37
576,449,153.17
577,396,135.09
578,419,142.93
579,436,148.73
580,404,137.81
581,477,162.72
582,479,163.40
583,466,158.96
584,400,136.45
585,418,142.59
586,442,150.78
587,476,162.38
588,423,144.30
589,495,168.86
590,422,143.96
591,445,151.80
592,428,146.00
593,453,154.53
594,452,154.19
595,425,144.98
596,438,149.41
597,445,151.80
598,470,160.33
599,434,148.05
600,435,148.39
601,460,156.92
602,462,157.60
603,469,159.99
604,415,141.57
605,430,146.68
606,470,160.33
607,450,153.51
608,445,151.80
609,433,147.71
610,462,157.60
611,406,138.50
612,444,151.46
613,475,162.03
614,419,142.93
615,469,159.99
616,464,158.28
617,466,158.96
618,469,159.99
619,427,145.66
620,473,161.35
621,475,162.03
622,462,157.60
623,434,148.05
624,376,128.26
625,475,162.03
626,446,152.14
627,463,157.94
628,455,155.21
629,463,157.94
630,426,145.32
631,448,152.82
632,451,153.85
633,464,158.28
634,467,159.31
635,492,167.83
636,484,165.10
637,446,152.14
638,477,162.72
639,409,139.52
640,452,154.19
641,469,159.99
642,449,153.17
643,450,153.51
644,432,147.37
645,444,151.46
646,466,158.96
647,469,159.99
648,476,162.38
649,478,163.06
650,454,154.87
651,475,162.03
652,428,146.00
653,442,150.78
654,425,144.98
655,413,140.89
656,444,151.46
657,438,149.41
658,456,155.55
659,447,152.48
660,473,161.35
661,434,148.05
662,426,145.32
663,450,153.51
664,464,158.28
665,407,138.84
666,482,164.42
667,499,170.22
668,430,146.68
669,469,159.99
670,505,172.27
671,464,158.28
672,467,159.31
673,486,165.79
674,448,152.82
675,479,163.40
676,469,159.99
677,500,170.56
678,497,169.54
679,504,171.93
680,495,168.86
681,503,171.59
682,430,146.68
683,496,169.20
684,450,153.51
685,457,155.89
686,457,155.89
687,528,180.11
688,510,173.97
689,434,148.05
690,461,157.26
691,462,157.60
692,448,152.82
693,497,169.54
694,439,149.75
695,526,179.43
696,471,160.67
697,487,166.13
698,460,156.92
699,460,156.92
700,487,166.13
701,480,163.74
702,453,154.53
703,467,159.31
704,448,152.82
705,478,163.06
706,496,169.20
707,511,174.32
708,469,159.99
709,496,169.20
710,486,165.79
711,487,166.13
712,457,155.89
713,452,154.19
714,494,168.52
715,496,169.20
716,476,162.38
717,502,171.25
718,464,158.28
719,464,158.28
720,455,155.21
721,450,153.51
722,468,159.65
723,527,179.77
724,511,174.32
725,467,159.31
726,494,168.52
727,499,170.22
728,448,152.82
729,471,160.67
730,502,171.25
731,470,160.33
732,456,155.55
733,511,174.32
734,468,159.65
735,473,161.35
736,468,159.65
737,496,169.20
738,476,162.38
739,477,162.72
740,462,157.60
741,419,142.93
742,498,169.88
743,475,162.03
744,534,182.16
745,511,174.32
746,444,151.46
747,458,156.24
748,480,163.74
749,439,149.75
750,480,163.74
751,479,163.40
752,496,169.20
753,476,162.38
754,507,172.95
755,486,165.79
756,448,152.82
757,525,179.09
758,528,180.11
759,491,167.49
760,495,168.86
761,496,169.20
762,496,169.20
763,483,164.76
764,452,154.19
765,464,158.28
766,482,164.42
767,511,174.32
768,490,167.15
769,447,152.48
770,449,153.17
771,464,158.28
772,456,155.55
773,464,158.28
774,528,180.11
775,455,155.21
776,482,164.42
777,461,157.26
778,480,163.74
779,467,159.31
780,501,170.90
781,471,160.67
782,482,164.42
783,464,158.28
784,478,163.06
785,459,156.58
786,511,174.32
787,467,159.31
788,458,156.24
789,462,157.60
790,511,174.32
791,546,186.25
792,489,166.81
793,496,169.20
794,527,179.77
795,511,174.32
796,475,162.03
797,496,169.20
798,469,159.99
799,511,174.32
800,511,174.32
801,511,174.32
802,525,179.09
803,471,160.67
804,542,184.89
805,458,156.24
806,474,161.69
807,502,171.25
808,510,173.97
809,498,169.88
810,495,168.86
811,505,172.27
812,551,187.96
813,527,179.77
814,476,162.38
815,433,147.71
816,506,172.61
817,528,180.11
818,528,180.11
819,494,168.52
820,451,153.85
821,534,182.16
822,541,184.55
823,499,170.22
824,548,186.94
825,528,180.11
826,508,173.29
827,511,174.32
828,497,169.54
829,471,160.67
830,526,179.43
831,509,173.63
832,544,185.57
833,522,178.07
834,459,156.58
835,525,179.09
836,538,183.53
837,522,178.07
838,541,184.55
839,537,183.18
840,524,178.75
841,460,156.92
842,531,181.14
843,478,163.06
844,490,167.15
845,536,182.84
846,499,170.22
847,494,168.52
848,496,169.20
849,511,174.32
850,524,178.75
851,505,172.27
852,511,174.32
853,527,179.77
854,544,185.57
855,494,168.52
856,499,170.22
857,496,169.20
858,496,169.20
859,539,183.87
860,509,173.63
861,547,186.60
862,507,172.95
863,483,164.76
864,474,161.69
865,528,180.11
866,539,183.87
867,485,165.45
868,479,163.40
869,510,173.97
870,507,172.95
871,510,173.97
872,526,179.43
873,496,169.20
874,480,163.74
875,556,189.67
876,549,187.28
877,498,169.88
878,534,182.16
879,477,162.72
880,506,172.61
881,550,187.62
882,546,186.25
883,506,172.61
884,511,174.32
885,484,165.10
886,544,185.57
887,539,183.87
888,522,178.07
889,496,169.20
890,496,169.20
891,492,167.83
892,550,187.62
893,507,172.95
894,494,168.52
895,511,174.32
896,511,174.32
897,535,182.50
898,511,174.32
899,530,180.80
900,491,167.49
901,529,180.46
902,529,180.46
903,496,169.20
904,510,173.97
905,479,163.40
906,556,189.67
907,560,191.03
908,464,158.28
909,528,180.11
910,540,184.21
911,497,169.54
912,511,174.32
913,511,174.32
914,558,190.35
915,511,174.32
916,528,180.11
917,566,193.08
918,549,187.28
919,510,173.97
920,532,181.48
921,560,191.03
922,509,173.63
923,565,192.74
924,544,185.57
925,551,187.96
926,558,190.35
927,562,191.71
928,501,170.90
929,486,165.79
930,550,187.62
931,551,187.96
932,593,202.29
933,543,185.23
934,496,169.20
935,546,186.25
936,523,178.41
937,526,179.43
938,530,180.80
939,528,180.11
940,551,187.96
941,534,182.16
942,555,189.32
943,534,182.16
944,576,196.49
945,489,166.81
946,527,179.77
947,470,160.33
948,528,180.11
949,470,160.33
950,476,162.38
951,523,178.41
952,505,172.27
953,563,192.05
954,542,184.89
955,478,163.06
956,528,180.11
957,560,191.03
958,510,173.97
959,538,183.53
960,537,183.18
961,528,180.11
962,506,172.61
963,511,174.32
964,528,180.11
965,528,180.11
966,498,169.88
967,575,196.15
968,557,190.01
969,524,178.75
970,588,200.58
971,544,185.57
972,494,168.52
973,573,195.47
974,502,171.25
975,611,208.43
976,546,186.25
977,532,181.48
978,559,190.69
979,506,172.61
980,510,173.97
981,528,180.11
982,559,190.69
983,576,196.49
984,511,174.32
985,496,169.20
986,537,183.18
987,552,188.30
988,560,191.03
989,523,178.41
990,566,193.08
991,560,191.03
992,549,187.28
993,542,184.89
994,566,193.08
995,570,194.44
996,499,170.22
997,535,182.50
998,499,170.22
999,496,169.20
1000,522,178.07
1001,545,185.91
1002,581,198.19
1003,558,190.35
1004,496,169.20
1005,528,180.11
1006,511,174.32
1007,569,194.10
1008,542,184.89
1009,511,174.32
1010,560,191.03
1011,571,194.78
1012,542,184.89
1013,527,179.77
1014,533,181.82
1015,575,196.15
1016,528,180.11
1017,550,187.62
1018,576,196.49
1019,608,207.40
1020,544,185.57
1021,529,180.46
1022,541,184.55
1023,558,190.35
1024,566,193.08
1025,553,188.64
1026,555,189.32
1027,528,180.11
1028,508,173.29
1029,546,186.25
1030,551,187.96
1031,574,195.81
1032,544,185.57
1033,570,194.44
1034,588,200.58
1035,594,202.63
1036,578,197.17
1037,565,192.74
1038,541,184.55
1039,560,191.03
1040,529,180.46
1041,572,195.12
1042,583,198.88
1043,522,178.07
1044,574,195.81
1045,583,198.88
1046,545,185.91
1047,527,179.77
1048,586,199.90
1049,545,185.91
1050,563,192.05
1051,528,180.11
1052,576,196.49
1053,592,201.95
1054,560,191.03
1055,546,186.25
1056,538,183.53
1057,544,185.57
1058,528,180.11
1059,560,191.03
1060,530,180.80
1061,561,191.37
1062,544,185.57
1063,581,198.19
1064,551,187.96
1065,542,184.89
1066,558,190.35
1067,560,191.03
1068,537,183.18
1069,563,192.05
1070,561,191.37
1071,511,174.32
1072,586,199.90
1073,556,189.67
1074,576,196.49
1075,543,185.23
1076,587,200.24
1077,554,188.98
1078,551,187.96
1079,558,190.35
1080,528,180.11
1081,536,182.84
1082,545,185.91
1083,560,191.03
1084,528,180.11
1085,592,201.95
1086,542,184.89
1087,548,186.94
1088,562,191.71
1089,495,168.86
1090,587,200.24
1091,548,186.94
1092,547,186.60
1093,528,180.11
1094,562,191.71
1095,569,194.10
1096,529,180.46
1097,545,185.91
1098,577,196.83
1099,576,196.49
1100,573,195.47
1101,573,195.47
1102,573,195.47
1103,583,198.88
1104,533,181.82
1105,560,191.03
1106,594,202.63
1107,553,188.64
1108,528,180.11
1109,575,196.15
1110,526,179.43
1111,528,180.11
1112,557,190.01
1113,539,183.87
1114,549,187.28
1115,576,196.49
1116,556,189.67
1117,558,190.35
1118,510,173.97
1119,534,182.16
1120,578,197.17
1121,573,195.47
1122,558,190.35
1123,599,204.33
1124,582,198.54
1125,537,183.18
1126,555,189.32
1127,549,187.28
1128,548,186.94
1129,577,196.83
1130,590,201.26
1131,526,179.43
1132,551,187.96
1133,598,203.99
1134,594,202.63
1135,561,191.37
1136,566,193.08
1137,571,194.78
1138,545,185.91
1139,551,187.96
1140,604,206.04
1141,541,184.55
1142,546,186.25
1143,577,196.83
1144,592,201.95
1145,550,187.62
1146,511,174.32
1147,605,206.38
1148,545,185.91
1149,560,191.03
1150,590,201.26
1151,576,196.49
1152,505,172.27
1153,560,191.03
1154,564,192.40
1155,525,179.09
1156,544,185.57
1157,582,198.54
1158,544,185.57
1159,551,187.96
1160,569,194.10
1161,561,191.37
1162,602,205.36
1163,578,197.17
1164,578,197.17
1165,581,198.19
1166,594,202.63
1167,575,196.15
1168,603,205.70
1169,593,202.29
1170,570,194.44
1171,601,205.02
1172,583,198.88
1173,575,196.15
1174,586,199.90
1175,629,214.57
1176,503,171.59
1177,560,191.03
1178,592,201.95
1179,578,197.17
1180,564,192.40
1181,566,193.08
1182,592,201.95
1183,570,194.44
1184,559,190.69
1185,623,212.52
1186,558,190.35
1187,562,191.71
1188,540,184.21
1189,560,191.03
1190,610,208.09
1191,615,209.79
1192,592,201.95
1193,585,199.56
1194,567,193.42
1195,535,182.50
1196,576,196.49
1197,583,198.88
1198,569,194.10
1199,550,187.62
1200,549,187.28
1201,577,196.83
1202,563,192.05
1203,535,182.50
1204,549,187.28
1205,546,186.25
1206,557,190.01
1207,594,202.63
1208,614,209.45
1209,640,218.32
1210,583,198.88
1211,595,202.97
1212,544,185.57
1213,562,191.71
1214,614,209.45
1215,587,200.24
1216,551,187.96
1217,577,196.83
1218,576,196.49
1219,613,209.11
1220,594,202.63
1221,578,197.17
1222,536,182.84
1223,579,197.51
1224,563,192.05
1225,586,199.90
1226,605,206.38
1227,593,202.29
1228,547,186.60
1229,548,186.94
1230,635,216.61
1231,587,200.24
1232,544,185.57
1233,593,202.29
1234,606,206.72
1235,555,189.32
1236,571,194.78
1237,596,203.31
1238,582,198.54
1239,610,208.09
1240,549,187.28
1241,570,194.44
1242,565,192.74
1243,583,198.88
1244,618,210.82
1245,572,195.12
1246,586,199.90
1247,574,195.81
1248,560,191.03
1249,572,195.12
1250,561,191.37
1251,560,191.03
1252,601,205.02
1253,586,199.90
1254,528,180.11
1255,511,174.32
1256,581,198.19
1257,560,191.03
1258,549,187.28
1259,576,196.49
1260,585,199.56
1261,607,207.06
1262,592,201.95
1263,550,187.62
1264,575,196.15
1265,593,202.29
1266,559,190.69
1267,569,194.10
1268,559,190.69
1269,598,203.99
1270,581,198.19
1271,602,205.36
1272,576,196.49
1273,602,205.36
1274,574,195.81
1275,576,196.49
1276,580,197.85
1277,560,191.03
1278,542,184.89
1279,570,194.44
1280,560,191.03
1281,572,195.12
1282,576,196.49
1283,554,188.98
1284,598,203.99
1285,592,201.95
1286,576,196.49
1287,592,201.95
1288,558,190.35
1289,578,197.17
1290,592,201.95
1291,582,198.54
1292,569,194.10
1293,592,201.95
1294,576,196.49
1295,586,199.90
1296,597,203.65
1297,580,197.85
1298,619,211.16
1299,549,187.28
1300,558,190.35
1301,611,208.43
1302,587,200.24
1303,561,191.37
1304,601,205.02
1305,545,185.91
1306,548,186.94
1307,610,208.09
1308,633,215.93
1309,576,196.49
1310,595,202.97
1311,561,191.37
1312,602,205.36
1313,597,203.65
1314,586,199.90
1315,568,193.76
1316,619,211.16
1317,569,194.10
1318,585,199.56
1319,561,191.37
1320,578,197.17
1321,612,208.77
1322,570,194.44
1323,567,193.42
1324,560,191.03
1325,553,188.64
1326,579,197.51
1327,591,201.61
1328,545,185.91
1329,590,201.26
1330,560,191.03
1331,607,207.06
1332,609,207.75
1333,619,211.16
1334,598,203.99
1335,592,201.95
1336,526,179.43
1337,627,213.89
1338,612,208.77
1339,572,195.12
1340,631,215.25
1341,597,203.65
1342,622,212.18
1343,565,192.74
1344,614,209.45
1345,606,206.72
1346,624,212.86
1347,624,212.86
1348,626,213.54
1349,577,196.83
1350,603,205.70
1351,580,197.85
1352,585,199.56
1353,625,213.20
1354,624,212.86
1355,560,191.03
1356,591,201.61
1357,620,211.50
1358,606,206.72
1359,576,196.49
1360,624,212.86
1361,592,201.95
1362,592,201.95
1363,590,201.26
1364,582,198.54
1365,599,204.33
1366,604,206.04
1367,574,195.81
1368,528,180.11
1369,577,196.83
1370,587,200.24
1371,580,197.85
1372,621,211.84
1373,599,204.33
1374,625,213.20
1375,577,196.83
1376,581,198.19
1377,590,201.26
1378,576,196.49
1379,603,205.70
1380,568,193.76
1381,614,209.45
1382,567,193.42
1383,608,207.40
1384,623,212.52
1385,608,207.40
1386,587,200.24
1387,629,214.57
1388,612,208.77
1389,577,196.83
1390,607,207.06
1391,606,206.72
1392,626,213.54
1393,606,206.72
1394,586,199.90
1395,563,192.05
1396,624,212.86
1397,612,208.77
1398,608,207.40
1399,621,211.84
1400,610,208.09
1401,577,196.83
1402,558,190.35
1403,511,174.32
1404,567,193.42
1405,591,201.61
1406,587,200.24
1407,594,202.63
1408,560,191.03
1409,566,193.08
1410,582,198.54
1411,582,198.54
1412,603,205.70
1413,602,205.36
1414,572,195.12
1415,567,193.42
1416,639,217.98
1417,574,195.81
1418,601,205.02
1419,598,203.99
1420,589,200.92
1421,631,215.25
1422,626,213.54
1423,599,204.33
1424,614,209.45
1425,567,193.42
1426,602,205.36
1427,621,211.84
1428,613,209.11
1429,579,197.51
1430,603,205.70
1431,605,206.38
1432,624,212.86
1433,593,202.29
1434,624,212.86
1435,547,186.60
1436,611,208.43
1437,633,215.93
1438,607,207.06
1439,590,201.26
1440,624,212.86
1441,628,214.23
1442,631,215.25
1443,622,212.18
1444,581,198.19
1445,611,208.43
1446,611,208.43
1447,592,201.95
1448,607,207.06
1449,638,217.64
1450,613,209.11
1451,618,210.82
1452,625,213.20
1453,607,207.06
1454,591,201.61
1455,562,191.71
1456,615,209.79
1457,597,203.65
1458,577,196.83
1459,646,220.37
1460,610,208.09
1461,628,214.23
1462,595,202.97
1463,575,196.15
1464,530,180.80
1465,587,200.24
1466,592,201.95
1467,594,202.63
1468,585,199.56
1469,603,205.70
1470,599,204.33
1471,608,207.40
1472,606,206.72
1473,586,199.90
1474,607,207.06
1475,633,215.93
1476,570,194.44
1477,563,192.05
1478,603,205.70
1479,587,200.24
1480,607,207.06
1481,609,207.75
1482,582,198.54
1483,541,184.55
1484,602,205.36
1485,640,218.32
1486,609,207.75
1487,609,207.75
1488,613,209.11
1489,627,213.89
1490,621,211.84
1491,652,222.41
1492,610,208.09
1493,576,196.49
1494,616,210.13
1495,586,199.90
1496,623,212.52
1497,599,204.33
1498,653,222.76
1499,593,202.29
1500,592,201.95
1501,544,185.57
1502,627,213.89
1503,592,201.95
1504,588,200.58
1505,574,195.81
1506,576,196.49
1507,624,212.86
1508,578,197.17
1509,578,197.17
1510,585,199.56
1511,628,214.23
1512,640,218.32
1513,624,212.86
1514,584,199.22
1515,641,218.66
1516,625,213.20
1517,599,204.33
1518,593,202.29
1519,585,199.56
1520,628,214.23
1521,631,215.25
1522,592,201.95
1523,634,216.27
1524,591,201.61
1525,650,221.73
1526,597,203.65
1527,619,211.16
1528,627,213.89
1529,567,193.42
1530,613,209.11
1531,624,212.86
1532,624,212.86
1533,590,201.26
1534,651,222.07
1535,586,199.90
1536,601,205.02
1537,590,201.26
1538,632,215.59
1539,606,206.72
1540,605,206.38
1541,630,214.91
1542,566,193.08
1543,618,210.82
1544,624,212.86
1545,639,217.98
1546,596,203.31
1547,605,206.38
1548,592,201.95
1549,601,205.02
1550,641,218.66
1551,616,210.13
1552,655,223.44
1553,604,206.04
1554,579,197.51
1555,644,219.69
1556,608,207.40
1557,656,223.78
1558,578,197.17
1559,583,198.88
1560,622,212.18
1561,635,216.61
1562,621,211.84
1563,600,204.68
1564,606,206.72
1565,643,219.34
1566,622,212.18
1567,624,212.86
1568,623,212.52
1569,585,199.56
1570,596,203.31
1571,562,191.71
1572,651,222.07
1573,597,203.65
1574,618,210.82
1575,595,202.97
1576,605,206.38
1577,604,206.04
1578,624,212.86
1579,643,219.34
1580,641,218.66
1581,655,223.44
1582,591,201.61
1583,607,207.06
1584,649,221.39
1585,640,218.32
1586,647,220.71
1587,629,214.57
1588,630,214.91
1589,607,207.06
1590,633,215.93
1591,592,201.95
1592,633,215.93
1593,590,201.26
1594,618,210.82
1595,614,209.45
1596,622,212.18
1597,643,219.34
1598,655,223.44
1599,585,199.56
1600,633,215.93
1601,605,206.38
1602,606,206.72
1603,598,203.99
1604,646,220.37
1605,661,225.48
1606,610,208.09
1607,622,212.18
1608,603,205.70
1609,606,206.72
1610,626,213.54
1611,621,211.84
1612,580,197.85
1613,587,200.24
1614,627,213.89
1615,609,207.75
1616,615,209.79
1617,569,194.10
1618,576,196.49
1619,603,205.70
1620,631,215.25
1621,609,207.75
1622,592,201.95
1623,607,207.06
1624,631,215.25
1625,618,210.82
1626,603,205.70
1627,652,222.41
1628,583,198.88
1629,642,219.00
1630,596,203.31
1631,640,218.32
1632,592,201.95
1633,595,202.97
1634,633,215.93
1635,602,205.36
1636,592,201.95
1637,614,209.45
1638,687,234.35
1639,647,220.71
1640,627,213.89
1641,642,219.00
1642,603,205.70
1643,593,202.29
1644,635,216.61
1645,570,194.44
1646,662,225.83
1647,626,213.54
1648,646,220.37
1649,657,224.12
1650,620,211.50
1651,656,223.78
1652,646,220.37
1653,635,216.61
1654,652,222.41
1655,671,228.90
1656,607,207.06
1657,666,227.19
1658,656,223.78
1659,617,210.47
1660,599,204.33
1661,642,219.00
1662,608,207.40
1663,595,202.97
1664,612,208.77
1665,661,225.48
1666,594,202.63
1667,605,206.38
1668,656,223.78
1669,611,208.43
1670,650,221.73
1671,611,208.43
1672,613,209.11
1673,624,212.86
1674,592,201.95
1675,635,216.61
1676,628,214.23
1677,634,216.27
1678,615,209.79
1679,582,198.54
1680,647,220.71
1681,643,219.34
1682,608,207.40
1683,624,212.86
1684,594,202.63
1685,614,209.45
1686,656,223.78
1687,580,197.85
1688,656,223.78
1689,628,214.23
1690,590,201.26
1691,654,223.10
1692,599,204.33
1693,672,229.24
1694,670,228.55
1695,695,237.08
1696,656,223.78
1697,654,223.10
1698,654,223.10
1699,637,217.30
1700,646,220.37
1701,621,211.84
1702,598,203.99
1703,597,203.65
1704,593,202.29
1705,625,213.20
1706,638,217.64
1707,608,207.40
1708,628,214.23
1709,656,223.78
1710,639,217.98
1711,658,224.46
1712,624,212.86
1713,594,202.63
1714,654,223.10
1715,662,225.83
1716,595,202.97
1717,621,211.84
1718,613,209.11
1719,661,225.48
1720,637,217.30
1721,631,215.25
1722,658,224.46
1723,614,209.45
1724,678,231.28
1725,592,201.95
1726,672,229.24
1727,635,216.61
1728,605,206.38
1729,643,219.34
1730,618,210.82
1731,622,212.18
1732,649,221.39
1733,582,198.54
1734,624,212.86
1735,624,212.86
1736,594,202.63
1737,618,210.82
1738,656,223.78
1739,618,210.82
1740,649,221.39
1741,651,222.07
1742,635,216.61
1743,637,217.30
1744,563,192.05
1745,659,224.80
1746,597,203.65
1747,639,217.98
1748,669,228.21
1749,567,193.42
1750,615,209.79
1751,659,224.80
1752,629,214.57
1753,639,217.98
1754,640,218.32
1755,640,218.32
1756,623,212.52
1757,644,219.69
1758,641,218.66
1759,647,220.71
1760,620,211.50
1761,562,191.71
1762,598,203.99
1763,594,202.63
1764,646,220.37
1765,581,198.19
1766,623,212.52
1767,651,222.07
1768,625,213.20
1769,678,231.28
1770,625,213.20
1771,671,228.90
1772,634,216.27
1773,618,210.82
1774,661,225.48
1775,624,212.86
1776,641,218.66
1777,666,227.19
1778,622,212.18
1779,619,211.16
1780,644,219.69
1781,622,212.18
1782,640,218.32
1783,626,213.54
1784,644,219.69
1785,597,203.65
1786,614,209.45
1787,621,211.84
1788,631,215.25
1789,606,206.72
1790,673,229.58
1791,611,208.43
1792,647,220.71
1793,624,212.86
1794,667,227.53
1795,646,220.37
1796,605,206.38
1797,656,223.78
1798,624,212.86
1799,644,219.69
1800,674,229.92
1801,664,226.51
1802,635,216.61
1803,607,207.06
1804,661,225.48
1805,673,229.58
1806,620,211.50
1807,661,225.48
1808,601,205.02
1809,637,217.30
1810,624,212.86
1811,657,224.12
1812,634,216.27
1813,656,223.78
1814,640,218.32
1815,614,209.45
1816,632,215.59
1817,626,213.54
1818,651,222.07
1819,618,210.82
1820,638,217.64
1821,678,231.28
1822,634,216.27
1823,676,230.60
1824,634,216.27
1825,649,221.39
1826,666,227.19
1827,597,203.65
1828,683,232.99
1829,603,205.70
1830,623,212.52
1831,621,211.84
1832,617,210.47
1833,640,218.32
1834,670,228.55
1835,666,227.19
1836,673,229.58
1837,654,223.10
1838,672,229.24
1839,646,220.37
1840,640,218.32
1841,635,216.61
1842,630,214.91
1843,592,201.95
1844,643,219.34
1845,607,207.06
1846,611,208.43
1847,623,212.52
1848,655,223.44
1849,626,213.54
1850,615,209.79
1851,655,223.44
1852,651,222.07
1853,633,215.93
1854,672,229.24
1855,629,214.57
1856,624,212.86
1857,624,212.86
1858,627,213.89
1859,640,218.32
1860,643,219.34
1861,656,223.78
1862,638,217.64
1863,621,211.84
1864,628,214.23
1865,631,215.25
1866,608,207.40
1867,626,213.54
1868,657,224.12
1869,624,212.86
1870,609,207.75
1871,692,236.06
1872,599,204.33
1873,592,201.95
1874,631,215.25
1875,644,219.69
1876,666,227.19
1877,616,210.13
1878,650,221.73
1879,663,226.17
1880,640,218.32
1881,684,233.33
1882,678,231.28
1883,649,221.39
1884,641,218.66
1885,624,212.86
1886,639,217.98
1887,625,213.20
1888,668,227.87
1889,670,228.55
1890,666,227.19
1891,650,221.73
1892,615,209.79
1893,619,211.16
1894,602,205.36
1895,628,214.23
1896,618,210.82
1897,635,216.61
1898,640,218.32
1899,642,219.00
1900,678,231.28
1901,597,203.65
1902,626,213.54
1903,665,226.85
1904,602,205.36
1905,624,212.86
1906,630,214.91
1907,670,228.55
1908,608,207.40
1909,576,196.49
1910,628,214.23
1911,646,220.37
1912,631,215.25
1913,680,231.97
1914,614,209.45
1915,667,227.53
1916,605,206.38
1917,607,207.06
1918,644,219.69
1919,702,239.47
1920,667,227.53
1921,577,196.83
1922,658,224.46
1923,671,228.90
1924,663,226.17
1925,681,232.31
1926,704,240.15
1927,655,223.44
1928,613,209.11
1929,679,231.62
1930,651,222.07
1931,679,231.62
1932,613,209.11
1933,642,219.00
1934,656,223.78
1935,682,232.65
1936,637,217.30
1937,611,208.43
1938,656,223.78
1939,613,209.11
1940,682,232.65
1941,654,223.10
1942,651,222.07
1943,653,222.76
1944,635,216.61
1945,622,212.18
1946,676,230.60
1947,699,238.45
1948,711,242.54
1949,650,221.73
1950,645,220.03
1951,672,229.24
1952,654,223.10
1953,613,209.11
1954,624,212.86
1955,671,228.90
1956,679,231.62
1957,643,219.34
1958,679,231.62
1959,643,219.34
1960,607,207.06
1961,674,229.92
1962,626,213.54
1963,656,223.78
1964,699,238.45
1965,659,224.80
1966,661,225.48
1967,621,211.84
1968,606,206.72
1969,640,218.32
1970,670,228.55
1971,642,219.00
1972,636,216.96
1973,667,227.53
1974,688,234.69
1975,684,233.33
1976,649,221.39
1977,656,223.78
1978,660,225.14
1979,622,212.18
1980,618,210.82
1981,654,223.10
1982,668,227.87
1983,655,223.44
1984,642,219.00
1985,624,212.86
1986,651,222.07
1987,624,212.86
1988,661,225.48
1989,695,237.08
1990,652,222.41
1991,686,234.01
1992,689,235.04
1993,659,224.80
1994,676,230.60
1995,704,240.15
1996,628,214.23
1997,656,223.78
1998,666,227.19
1999,657,224.12
2000,699,238.45
2001,636,216.96
2002,650,221.73
2003,688,234.69
2004,691,235.72
2005,624,212.86
2006,698,238.11
2007,660,225.14
2008,627,213.89
2009,688,234.69
2010,657,224.12
2011,656,223.78
2012,642,219.00
2013,643,219.34
2014,646,220.37
2015,656,223.78
2016,630,214.91
2017,643,219.34
2018,688,234.69
2019,645,220.03
2020,651,222.07
2021,640,218.32
2022,623,212.52
2023,637,217.30
2024,628,214.23
2025,656,223.78
2026,666,227.19
2027,666,227.19
2028,628,214.23
2029,645,220.03
2030,645,220.03
2031,631,215.25
2032,662,225.83
2033,647,220.71
2034,677,230.94
2035,624,212.86
2036,679,231.62
2037,639,217.98
2038,676,230.60
2039,653,222.76
2040,642,219.00
2041,624,212.86
2042,658,224.46
2043,655,223.44
2044,592,201.95
2045,639,217.98
2046,653,222.76
2047,701,239.13
2048,664,226.51
2049,692,236.06
2050,624,212.86
2051,685,233.67
2052,649,221.39
2053,653,222.76
2054,650,221.73
2055,649,221.39
2056,646,220.37
2057,669,228.21
2058,693,236.40
2059,646,220.37
2060,664,226.51
2061,656,223.78
2062,653,222.76
2063,688,234.69
2064,695,237.08
2065,674,229.92
2066,638,217.64
2067,649,221.39
2068,644,219.69
2069,683,232.99
2070,669,228.21
2071,654,223.10
2072,670,228.55
2073,660,225.14
2074,703,239.81
2075,662,225.83
2076,672,229.24
2077,645,220.03
2078,698,238.11
2079,647,220.71
2080,656,223.78
2081,700,238.79
2082,663,226.17
2083,631,215.25
2084,674,229.92
2085,661,225.48
2086,659,224.80
2087,688,234.69
2088,655,223.44
2089,689,235.04
2090,636,216.96
2091,689,235.04
2092,685,233.67
2093,680,231.97
2094,647,220.71
2095,592,201.95
2096,683,232.99
2097,688,234.69
2098,668,227.87
2099,627,213.89
2100,704,240.15
2101,653,222.76
2102,658,224.46
2103,657,224.12
2104,668,227.87
2105,629,214.57
2106,669,228.21
2107,654,223.10
2108,653,222.76
2109,673,229.58
2110,672,229.24
2111,685,233.67
2112,659,224.80
2113,668,227.87
2114,613,209.11
2115,667,227.53
2116,670,228.55
2117,652,222.41
2118,720,245.61
2119,685,233.67
2120,672,229.24
2121,657,224.12
2122,634,216.27
2123,674,229.92
2124,682,232.65
2125,684,233.33
2126,637,217.30
2127,665,226.85
2128,629,214.57
2129,624,212.86
2130,679,231.62
2131,632,215.59
2132,670,228.55
2133,653,222.76
2134,652,222.41
2135,674,229.92
2136,640,218.32
2137,658,224.46
2138,687,234.35
2139,690,235.38
2140,656,223.78
2141,650,221.73
2142,706,240.83
2143,669,228.21
2144,662,225.83
2145,688,234.69
2146,673,229.58
2147,645,220.03
2148,691,235.72
2149,631,215.25
2150,663,226.17
2151,711,242.54
2152,697,237.76
2153,637,217.30
2154,649,221.39
2155,679,231.62
2156,687,234.35
2157,672,229.24
2158,637,217.30
2159,637,217.30
2160,693,236.40
2161,662,225.83
2162,686,234.01
2163,623,212.52
2164,656,223.78
2165,646,220.37
2166,671,228.90
2167,643,219.34
2168,636,216.96
2169,642,219.00
2170,688,234.69
2171,681,232.31
2172,680,231.97
2173,693,236.40
2174,660,225.14
2175,670,228.55
2176,739,252.09
2177,693,236.40
2178,722,246.29
2179,630,214.91
2180,665,226.85
2181,704,240.15
2182,704,240.15
2183,661,225.48
2184,647,220.71
2185,642,219.00
2186,645,220.03
2187,633,215.93
2188,683,232.99
2189,639,217.98
2190,627,213.89
2191,712,242.88
2192,656,223.78
2193,688,234.69
2194,671,228.90
2195,639,217.98
2196,652,222.41
2197,680,231.97
2198,671,228.90
2199,660,225.14
2200,672,229.24
2201,665,226.85
2202,699,238.45
2203,661,225.48
2204,711,242.54
2205,689,235.04
2206,640,218.32
2207,686,234.01
2208,656,223.78
2209,675,230.26
2210,671,228.90
2211,673,229.58
2212,669,228.21
2213,675,230.26
2214,662,225.83
2215,643,219.34
2216,688,234.69
2217,688,234.69
2218,695,237.08
2219,649,221.39
2220,687,234.35
2221,687,234.35
2222,670,228.55
2223,679,231.62
2224,682,232.65
2225,717,244.59
2226,683,232.99
2227,689,235.04
2228,641,218.66
2229,701,239.13
2230,704,240.15
2231,688,234.69
2232,702,239.47
2233,645,220.03
2234,701,239.13
2235,687,234.35
2236,688,234.69
2237,710,242.20
2238,645,220.03
2239,711,242.54
2240,671,228.90
2241,646,220.37
2242,656,223.78
2243,697,237.76
2244,676,230.60
2245,708,241.52
2246,689,235.04
2247,676,230.60
2248,716,244.25
2249,653,222.76
2250,647,220.71
2251,716,244.25
2252,656,223.78
2253,690,235.38
2254,667,227.53
2255,684,233.33
2256,642,219.00
2257,693,236.40
2258,662,225.83
2259,688,234.69
2260,640,218.32
2261,688,234.69
2262,629,214.57
2263,683,232.99
2264,647,220.71
2265,678,231.28
2266,658,224.46
2267,714,243.56
2268,703,239.81
2269,695,237.08
2270,671,228.90
2271,629,214.57
2272,688,234.69
2273,656,223.78
2274,688,234.69
2275,688,234.69
2276,736,251.07
2277,629,214.57
2278,695,237.08
2279,704,240.15
2280,645,220.03
2281,615,209.79
2282,641,218.66
2283,658,224.46
2284,656,223.78
2285,652,222.41
2286,690,235.38
2287,704,240.15
2288,688,234.69
2289,666,227.19
2290,682,232.65
2291,656,223.78
2292,669,228.21
2293,679,231.62
2294,630,214.91
2295,663,226.17
2296,714,243.56
2297,689,235.04
2298,670,228.55
2299,656,223.78
2300,693,236.40
2301,688,234.69
2302,693,236.40
2303,706,240.83
2304,656,223.78
2305,666,227.19
2306,674,229.92
2307,703,239.81
2308,674,229.92
2309,589,200.92
2310,684,233.33
2311,708,241.52
2312,701,239.13
2313,660,225.14
2314,678,231.28
2315,670,228.55
2316,679,231.62
2317,731,249.36
2318,689,235.04
2319,650,221.73
2320,654,223.10
2321,678,231.28
2322,656,223.78
2323,651,222.07
2324,643,219.34
2325,688,234.69
2326,697,237.76
2327,673,229.58
2328,643,219.34
2329,672,229.24
2330,704,240.15
2331,667,227.53
2332,698,238.11
2333,656,223.78
2334,656,223.78
2335,720,245.61
2336,705,240.49
2337,675,230.26
2338,691,235.72
2339,736,251.07
2340,679,231.62
2341,611,208.43
2342,663,226.17
2343,656,223.78
2344,612,208.77
2345,704,240.15
2346,687,234.35
2347,656,223.78
2348,685,233.67
2349,704,240.15
2350,669,228.21
2351,715,243.91
2352,688,234.69
2353,698,238.11
2354,708,241.52
2355,631,215.25
2356,689,235.04
2357,714,243.56
2358,710,242.20
2359,688,234.69
2360,707,241.18
2361,650,221.73
2362,659,224.80
2363,644,219.69
2364,655,223.44
2365,689,235.04
2366,653,222.76
2367,718,244.93
2368,675,230.26
2369,659,224.80
2370,656,223.78
2371,703,239.81
2372,682,232.65
2373,635,216.61
2374,699,238.45
2375,699,238.45
2376,707,241.18
2377,673,229.58
2378,688,234.69
2379,634,216.27
2380,699,238.45
2381,726,247.66
2382,663,226.17
2383,678,231.28
2384,688,234.69
2385,675,230.26
2386,663,226.17
2387,679,231.62
2388,694,236.74
2389,656,223.78
2390,691,235.72
2391,656,223.78
2392,661,225.48
2393,705,240.49
2394,675,230.26
2395,639,217.98
2396,655,223.44
2397,688,234.69
2398,672,229.24
2399,714,243.56
2400,656,223.78
2401,675,230.26
2402,672,229.24
2403,695,237.08
2404,688,234.69
2405,624,212.86
2406,713,243.22
2407,671,228.90
2408,695,237.08
2409,663,226.17
2410,674,229.92
2411,720,245.61
2412,711,242.54
2413,682,232.65
2414,707,241.18
2415,661,225.48
2416,676,230.60
2417,684,233.33
2418,704,240.15
2419,654,223.10
2420,705,240.49
2421,715,243.91
2422,656,223.78
2423,699,238.45
2424,648,221.05
2425,679,231.62
2426,688,234.69
2427,709,241.86
2428,676,230.60
2429,720,245.61
2430,676,230.60
2431,698,238.11
2432,688,234.69
2433,708,241.52
2434,668,227.87
2435,720,245.61
2436,712,242.88
2437,709,241.86
2438,657,224.12
2439,678,231.28
2440,720,245.61
2441,693,236.40
2442,721,245.95
2443,688,234.69
2444,661,225.48
2445,707,241.18
2446,729,248.68
2447,673,229.58
2448,733,250.05
2449,682,232.65
2450,719,245.27
2451,712,242.88
2452,698,238.11
2453,610,208.09
2454,703,239.81
2455,690,235.38
2456,680,231.97
2457,709,241.86
2458,698,238.11
2459,688,234.69
2460,662,225.83
2461,678,231.28
2462,694,236.74
2463,688,234.69
2464,656,223.78
2465,697,237.76
2466,662,225.83
2467,656,223.78
2468,708,241.52
2469,710,242.20
2470,643,219.34
2471,650,221.73
2472,690,235.38
2473,666,227.19
2474,718,244.93
2475,640,218.32
2476,663,226.17
2477,711,242.54
2478,657,224.12
2479,666,227.19
2480,704,240.15
2481,650,221.73
2482,654,223.10
2483,647,220.71
2484,691,235.72
2485,682,232.65
2486,688,234.69
2487,701,239.13
2488,709,241.86
2489,720,245.61
2490,699,238.45
2491,715,243.91
2492,652,222.41
2493,720,245.61
2494,713,243.22
2495,699,238.45
2496,719,245.27
2497,682,232.65
2498,693,236.40
2499,694,236.74
2500,715,243.91
2501,706,240.83
2502,715,243.91
2503,674,229.92
2504,726,247.66
2505,647,220.71
2506,718,244.93
2507,717,244.59
2508,669,228.21
2509,720,245.61
2510,748,255.16
2511,670,228.55
2512,659,224.80
2513,704,240.15
2514,704,240.15
2515,677,230.94
2516,668,227.87
2517,685,233.67
2518,678,231.28
2519,678,231.28
2520,673,229.58
2521,703,239.81
2522,671,228.90
2523,720,245.61
2524,688,234.69
2525,659,224.80
2526,723,246.63
2527,658,224.46
2528,698,238.11
2529,734,250.39
2530,702,239.47
2531,688,234.69
2532,703,239.81
2533,666,227.19
2534,644,219.69
2535,724,246.98
2536,674,229.92
2537,655,223.44
2538,704,240.15
2539,682,232.65
2540,725,247.32
2541,722,246.29
2542,675,230.26
2543,695,237.08
2544,671,228.90
2545,706,240.83
2546,697,237.76
2547,695,237.08
2548,666,227.19
2549,698,238.11
2550,672,229.24
2551,702,239.47
2552,662,225.83
2553,711,242.54
2554,711,242.54
2555,697,237.76
2556,687,234.35
2557,677,230.94
2558,688,234.69
2559,720,245.61
2560,681,232.31
2561,733,250.05
2562,735,250.73
2563,742,253.12
2564,661,225.48
2565,697,237.76
2566,686,234.01
2567,707,241.18
2568,691,235.72
2569,684,233.33
2570,723,246.63
2571,682,232.65
2572,705,240.49
2573,715,243.91
2574,721,245.95
2575,626,213.54
2576,677,230.94
2577,723,246.63
2578,720,245.61
2579,709,241.86
2580,717,244.59
2581,671,228.90
2582,711,242.54
2583,688,234.69
2584,710,242.20
2585,746,254.48
2586,738,251.75
2587,656,223.78
2588,678,231.28
2589,681,232.31
2590,682,232.65
2591,691,235.72
2592,686,234.01
2593,680,231.97
2594,702,239.47
2595,665,226.85
2596,719,245.27
2597,681,232.31
2598,731,249.36
2599,720,245.61
2600,733,250.05
2601,688,234.69
2602,699,238.45
2603,710,242.20
2604,688,234.69
2605,694,236.74
2606,681,232.31
2607,690,235.38
2608,713,243.22
2609,738,251.75
2610,731,249.36
2611,702,239.47
2612,709,241.86
2613,704,240.15
2614,722,246.29
2615,731,249.36
2616,689,235.04
2617,693,236.40
2618,656,223.78
2619,694,236.74
2620,720,245.61
2621,688,234.69
2622,679,231.62
2623,720,245.61
2624,680,231.97
2625,704,240.15
2626,639,217.98
2627,677,230.94
2628,720,245.61
2629,678,231.28
2630,734,250.39
2631,678,231.28
2632,666,227.19
2633,665,226.85
2634,705,240.49
2635,702,239.47
2636,708,241.52
2637,686,234.01
2638,677,230.94
2639,705,240.49
2640,720,245.61
2641,695,237.08
2642,694,236.74
2643,698,238.11
2644,690,235.38
2645,699,238.45
2646,720,245.61
2647,720,245.61
2648,688,234.69
2649,690,235.38
2650,650,221.73
2651,733,250.05
2652,681,232.31
2653,687,234.35
2654,666,227.19
2655,677,230.94
2656,737,251.41
2657,734,250.39
2658,704,240.15
2659,737,251.41
2660,651,222.07
2661,670,228.55
2662,717,244.59
2663,704,240.15
2664,720,245.61
2665,704,240.15
2666,697,237.76
2667,750,255.84
2668,681,232.31
2669,683,232.99
2670,689,235.04
2671,690,235.38
2672,722,246.29
2673,720,245.61
2674,701,239.13
2675,659,224.80
2676,738,251.75
2677,732,249.70
2678,711,242.54
2679,705,240.49
2680,695,237.08
2681,732,249.70
2682,720,245.61
2683,703,239.81
2684,670,228.55
2685,680,231.97
2686,702,239.47
2687,692,236.06
2688,716,244.25
2689,709,241.86
2690,694,236.74
2691,727,248.00
2692,719,245.27
2693,731,249.36
2694,679,231.62
2695,677,230.94
2696,717,244.59
2697,708,241.52
2698,673,229.58
2699,685,233.67
2700,722,246.29
2701,759,258.91
2702,714,243.56
2703,717,244.59
2704,706,240.83
2705,727,248.00
2706,745,254.14
2707,677,230.94
2708,737,251.41
2709,726,247.66
2710,733,250.05
2711,719,245.27
2712,719,245.27
2713,680,231.97
2714,688,234.69
2715,723,246.63
2716,684,233.33
2717,686,234.01
2718,672,229.24
2719,688,234.69
2720,706,240.83
2721,688,234.69
2722,667,227.53
2723,670,228.55
2724,670,228.55
2725,734,250.39
2726,687,234.35
2727,736,251.07
2728,692,236.06
2729,678,231.28
2730,703,239.81
2731,686,234.01
2732,704,240.15
2733,688,234.69
2734,720,245.61
2735,707,241.18
2736,690,235.38
2737,705,240.49
2738,694,236.74
2739,731,249.36
2740,683,232.99
2741,690,235.38
2742,726,247.66
2743,677,230.94
2744,693,236.40
2745,663,226.17
2746,691,235.72
2747,716,244.25
2748,710,242.20
2749,747,254.82
2750,674,229.92
2751,682,232.65
2752,738,251.75
2753,668,227.87
2754,684,233.33
2755,733,250.05
2756,729,248.68
2757,730,249.02
2758,740,252.43
2759,702,239.47
2760,686,234.01
2761,699,238.45
2762,668,227.87
2763,762,259.94
2764,699,238.45
2765,677,230.94
2766,731,249.36
2767,695,237.08
2768,707,241.18
2769,752,256.53
2770,727,248.00
2771,702,239.47
2772,700,238.79
2773,659,224.80
2774,752,256.53
2775,746,254.48
2776,724,246.98
2777,720,245.61
2778,733,250.05
2779,657,224.12
2780,703,239.81
2781,695,237.08
2782,722,246.29
2783,685,233.67
2784,718,244.93
2785,750,255.84
2786,683,232.99
2787,697,237.76
2788,688,234.69
2789,703,239.81
2790,717,244.59
2791,720,245.61
2792,715,243.91
2793,694,236.74
2794,747,254.82
2795,682,232.65
2796,651,222.07
2797,664,226.51
2798,693,236.40
2799,709,241.86
2800,734,250.39
2801,725,247.32
2802,752,256.53
2803,697,237.76
2804,737,251.41
2805,720,245.61
2806,745,254.14
2807,738,251.75
2808,726,247.66
2809,724,246.98
2810,688,234.69
2811,720,245.61
2812,742,253.12
2813,699,238.45
2814,736,251.07
2815,702,239.47
2816,713,243.22
2817,704,240.15
2818,752,256.53
2819,738,251.75
2820,691,235.72
2821,774,264.03
2822,705,240.49
2823,737,251.41
2824,719,245.27
2825,642,219.00
2826,682,232.65
2827,695,237.08
2828,733,250.05
2829,708,241.52
