#UGC:2 ASSEMBLY 997 420 0 1 1 15 2000 9839 00003020 \
#- VERS 0 0                                                          \
#- HOST                                                              \
#- LINK                                                              \
#- DBID                                                              \
#- REVS 0,                                                           \
#- RELL 0,                                                           \
#- UOBJ_ID 962053733 220136368 1265647124                            \
#- MACH _Windows                                                     \
#-END_OF_UGC_HEADER
#P_OBJECT 6
@P_object 1 0
0 1 ->
@depend 2 0
1 2 [51]
2 2 
@model_name 3 10
3 3 CSS-00-00-02
@model_type 4 1
3 4 2
@revnum 5 1
3 5 -1
@bom_count 6 1
3 6 1
@dep_type 7 1
3 7 2
@stamp 8 0
3 8 
@major_vers 9 0
4 9 
@vers 10 1
5 10 0
@alias_name 11 10
5 11 
@minor_vers 12 0
4 12 
@vers 13 1
5 13 0
@reason 14 10
3 14 
@comp_ids 15 1
3 15 [1]
$1
2 2 
3 3 MC_00_00
3 4 2
3 5 -1
3 6 1
3 7 2
3 8 
4 9 
5 10 0
5 11 
4 12 
5 13 0
3 14 
3 15 [1]
$2
2 2 
3 3 EUROPEAN_TYPE_ROLLER_CHAIN_WHEE
3 4 2
3 5 -1
3 6 1
3 7 2
3 8 
4 9 
5 10 0
5 11 
4 12 
5 13 0
3 14 
3 15 [1]
$3
2 2 
3 3 SPM-00-00-01
3 4 2
3 5 -1
3 6 1
3 7 2
3 8 
4 9 
5 10 0
5 11 
4 12 
5 13 0
3 14 
3 15 [1]
$4
2 2 
3 3 MC_00_00
3 4 2
3 5 -1
3 6 1
3 7 2
3 8 
4 9 
5 10 0
5 11 
4 12 
5 13 0
3 14 
3 15 [1]
$5
2 2 
3 3 MC_00_00
3 4 2
3 5 -1
3 6 1
3 7 2
3 8 
4 9 
5 10 0
5 11 
4 12 
5 13 0
3 14 
3 15 [1]
$6
2 2 
3 3 MC_00_00
3 4 2
3 5 -1
3 6 1
3 7 2
3 8 
4 9 
5 10 0
5 11 
4 12 
5 13 0
3 14 
3 15 [1]
$7
2 2 
3 3 SPM-00-00-01
3 4 2
3 5 -1
3 6 1
3 7 2
3 8 
4 9 
5 10 0
5 11 
4 12 
5 13 0
3 14 
3 15 [1]
$8
2 2 
3 3 CSS-00-00-02
3 4 2
3 5 -1
3 6 1
3 7 2
3 8 
4 9 
5 10 0
5 11 
4 12 
5 13 0
3 14 
3 15 [1]
$9
2 2 
3 3 RADIAL_BALL_BEARING_68_DINDIN_6
3 4 2
3 5 -1
3 6 1
3 7 2
3 8 
4 9 
5 10 0
5 11 
4 12 
5 13 0
3 14 
3 15 [1]
$10
2 2 
3 3 RADIAL_BALL_BEARING_68_DINDIN_6
3 4 2
3 5 -1
3 6 1
3 7 2
3 8 
4 9 
5 10 0
5 11 
4 12 
5 13 0
3 14 
3 15 [1]
$11
2 2 
3 3 RADIAL_BALL_BEARING_68_DINDIN_6
3 4 2
3 5 -1
3 6 1
3 7 2
3 8 
4 9 
5 10 0
5 11 
4 12 
5 13 0
3 14 
3 15 [1]
$12
2 2 
3 3 RADIAL_BALL_BEARING_68_DINDIN_6
3 4 2
3 5 -1
3 6 1
3 7 2
3 8 
4 9 
5 10 0
5 11 
4 12 
5 13 0
3 14 
3 15 [1]
$13
2 2 
3 3 HEX_NUT_GRADEC_DINHEXAGON_NUT_I
3 4 2
3 5 -1
3 6 1
3 7 2
3 8 
4 9 
5 10 0
5 11 
4 12 
5 13 0
3 14 
3 15 [1]
$14
2 2 
3 3 HEX_NUT_GRADEC_DINHEXAGON_NUT_I
3 4 2
3 5 -1
3 6 1
3 7 2
3 8 
4 9 
5 10 0
5 11 
4 12 
5 13 0
3 14 
3 15 [1]
$15
2 2 
3 3 HEX_NUT_GRADEC_DINHEXAGON_NUT_I
3 4 2
3 5 -1
3 6 1
3 7 2
3 8 
4 9 
5 10 0
5 11 
4 12 
5 13 0
3 14 
3 15 [1]
$16
2 2 
3 3 HEX_NUT_GRADEC_DINHEXAGON_NUT_I
3 4 2
3 5 -1
3 6 1
3 7 2
3 8 
4 9 
5 10 0
5 11 
4 12 
5 13 0
3 14 
3 15 [1]
$17
2 2 
3 3 HEX_NUT_GRADEC_DINHEXAGON_NUT_I
3 4 2
3 5 -1
3 6 1
3 7 2
3 8 
4 9 
5 10 0
5 11 
4 12 
5 13 0
3 14 
3 15 [1]
$18
2 2 
3 3 HEX_NUT_GRADEC_DINHEXAGON_NUT_I
3 4 2
3 5 -1
3 6 1
3 7 2
3 8 
4 9 
5 10 0
5 11 
4 12 
5 13 0
3 14 
3 15 [1]
$19
2 2 
3 3 HEX_NUT_GRADEC_DINHEXAGON_NUT_I
3 4 2
3 5 -1
3 6 1
3 7 2
3 8 
4 9 
5 10 0
5 11 
4 12 
5 13 0
3 14 
3 15 [1]
$20
2 2 
3 3 HEX_NUT_GRADEC_DINHEXAGON_NUT_I
3 4 2
3 5 -1
3 6 1
3 7 2
3 8 
4 9 
5 10 0
5 11 
4 12 
5 13 0
3 14 
3 15 [1]
$21
2 2 
3 3 HEX_SCREW_GRADEC_DINISO_4018_-_
3 4 2
3 5 -1
3 6 1
3 7 2
3 8 
4 9 
5 10 0
5 11 
4 12 
5 13 0
3 14 
3 15 [1]
$22
2 2 
3 3 HEX_SCREW_GRADEC_DINISO_4018_-_
3 4 2
3 5 -1
3 6 1
3 7 2
3 8 
4 9 
5 10 0
5 11 
4 12 
5 13 0
3 14 
3 15 [1]
$23
2 2 
3 3 HEX_SCREW_GRADEC_DINISO_4018_-_
3 4 2
3 5 -1
3 6 1
3 7 2
3 8 
4 9 
5 10 0
5 11 
4 12 
5 13 0
3 14 
3 15 [1]
$24
2 2 
3 3 HEX_NUT_GRADEC_DINHEXAGON_NUT_I
3 4 2
3 5 -1
3 6 1
3 7 2
3 8 
4 9 
5 10 0
5 11 
4 12 
5 13 0
3 14 
3 15 [1]
$25
2 2 
3 3 HEX_SCREW_GRADEC_DINISO_4018_-_
3 4 2
3 5 -1
3 6 1
3 7 2
3 8 
4 9 
5 10 0
5 11 
4 12 
5 13 0
3 14 
3 15 [1]
$26
2 2 
3 3 HEX_SCREW_GRADEC_DINISO_4018_-_
3 4 2
3 5 -1
3 6 1
3 7 2
3 8 
4 9 
5 10 0
5 11 
4 12 
5 13 0
3 14 
3 15 [1]
$27
2 2 
3 3 MC_00_00
3 4 2
3 5 -1
3 6 1
3 7 2
3 8 
4 9 
5 10 0
5 11 
4 12 
5 13 0
3 14 
3 15 [1]
$28
2 2 
3 3 HEX_SCREW_GRADEC_DINISO_4018_-_
3 4 2
3 5 -1
3 6 1
3 7 2
3 8 
4 9 
5 10 0
5 11 
4 12 
5 13 0
3 14 
3 15 [1]
$29
2 2 
3 3 HEX_NUT_GRADEC_DINHEXAGON_NUT_I
3 4 2
3 5 -1
3 6 1
3 7 2
3 8 
4 9 
5 10 0
5 11 
4 12 
5 13 0
3 14 
3 15 [1]
$30
2 2 
3 3 HEX_NUT_GRADEC_DINHEXAGON_NUT_I
3 4 2
3 5 -1
3 6 1
3 7 2
3 8 
4 9 
5 10 0
5 11 
4 12 
5 13 0
3 14 
3 15 [1]
$31
2 2 
3 3 HEX_SCREW_GRADEC_DINISO_4018_-_
3 4 2
3 5 -1
3 6 1
3 7 2
3 8 
4 9 
5 10 0
5 11 
4 12 
5 13 0
3 14 
3 15 [1]
$32
2 2 
3 3 HEX_SCREW_GRADEC_DINISO_4018_-_
3 4 2
3 5 -1
3 6 1
3 7 2
3 8 
4 9 
5 10 0
5 11 
4 12 
5 13 0
3 14 
3 15 [1]
$33
2 2 
3 3 MC_00_00
3 4 2
3 5 -1
3 6 1
3 7 2
3 8 
4 9 
5 10 0
5 11 
4 12 
5 13 0
3 14 
3 15 [1]
$34
2 2 
3 3 HEX_SCREW_GRADEC_DINISO_4018_-_
3 4 2
3 5 -1
3 6 1
3 7 2
3 8 
4 9 
5 10 0
5 11 
4 12 
5 13 0
3 14 
3 15 [1]
$35
2 2 
3 3 HEX_SCREW_GRADEC_DINISO_4018_-_
3 4 2
3 5 -1
3 6 1
3 7 2
3 8 
4 9 
5 10 0
5 11 
4 12 
5 13 0
3 14 
3 15 [1]
$36
2 2 
3 3 RADIAL_BALL_BEARING_68_DINDIN_6
3 4 2
3 5 -1
3 6 1
3 7 2
3 8 
4 9 
5 10 0
5 11 
4 12 
5 13 0
3 14 
3 15 [1]
$37
2 2 
3 3 RADIAL_BALL_BEARING_68_DINDIN_6
3 4 2
3 5 -1
3 6 1
3 7 2
3 8 
4 9 
5 10 0
5 11 
4 12 
5 13 0
3 14 
3 15 [1]
$38
2 2 
3 3 HEX_SCREW_GRADEC_DINISO_4018_-_
3 4 2
3 5 -1
3 6 1
3 7 2
3 8 
4 9 
5 10 0
5 11 
4 12 
5 13 0
3 14 
3 15 [1]
$39
2 2 
3 3 HEX_SCREW_GRADEC_DINISO_4018_-_
3 4 2
3 5 -1
3 6 1
3 7 2
3 8 
4 9 
5 10 0
5 11 
4 12 
5 13 0
3 14 
3 15 [1]
$40
2 2 
3 3 ETI-00-00-06
3 4 2
3 5 -1
3 6 1
3 7 2
3 8 
4 9 
5 10 0
5 11 
4 12 
5 13 0
3 14 
3 15 [1]
$41
2 2 
3 3 ENG-00-01-01
3 4 2
3 5 -1
3 6 1
3 7 2
3 8 
4 9 
5 10 0
5 11 
4 12 
5 13 0
3 14 
3 15 [1]
$42
2 2 
3 3 ENG-00-01-01
3 4 2
3 5 -1
3 6 1
3 7 2
3 8 
4 9 
5 10 0
5 11 
4 12 
5 13 0
3 14 
3 15 [1]
$43
2 2 
3 3 ESP_00_00_02_6
3 4 1
3 5 -1
3 6 1
3 7 2
3 8 
4 9 
5 10 0
5 11 
4 12 
5 13 0
3 14 
3 15 [1]
$44
2 2 
3 3 ENG-00-01-01
3 4 2
3 5 -1
3 6 1
3 7 2
3 8 
4 9 
5 10 0
5 11 
4 12 
5 13 0
3 14 
3 15 [1]
$45
2 2 
3 3 ETI-00-00-04
3 4 2
3 5 -1
3 6 1
3 7 2
3 8 
4 9 
5 10 0
5 11 
4 12 
5 13 0
3 14 
3 15 [1]
$46
2 2 
3 3 CSS-00-00-03
3 4 2
3 5 -1
3 6 1
3 7 2
3 8 
4 9 
5 10 0
5 11 
4 12 
5 13 0
3 14 
3 15 [1]
$47
2 2 
3 3 HEX_NUT_GRADEC_DINHEXAGON_NUT_I
3 4 2
3 5 -1
3 6 1
3 7 2
3 8 
4 9 
5 10 0
5 11 
4 12 
5 13 0
3 14 
3 15 [1]
$48
2 2 
3 3 CSS-00-00-03
3 4 2
3 5 -1
3 6 1
3 7 2
3 8 
4 9 
5 10 0
5 11 
4 12 
5 13 0
3 14 
3 15 [1]
$49
2 2 
3 3 ESP_00_00_01
3 4 1
3 5 -1
3 6 1
3 7 2
3 8 
4 9 
5 10 0
5 11 
4 12 
5 13 0
3 14 
3 15 [1]
$50
2 2 
3 3 ESP_00_00_02_7
3 4 1
3 5 -1
3 6 1
3 7 2
3 8 
4 9 
5 10 0
5 11 
4 12 
5 13 0
3 14 
3 15 [1]
$51
@dep_db 16 0
1 16 ->
@dep_db 17 0
2 17 [52]
3 17 ->
@to_model_id 18 1
4 18 0
@dep_type 19 1
4 19 2
@obj_id 20 1
4 20 1
@obj_type 21 1
4 21 3
3 17 ->
4 18 1
4 19 2
4 20 2
4 21 3
3 17 ->
4 18 2
4 19 2
4 20 3
4 21 3
3 17 ->
4 18 3
4 19 2
4 20 4
4 21 3
3 17 ->
4 18 4
4 19 2
4 20 5
4 21 3
3 17 ->
4 18 5
4 19 2
4 20 6
4 21 3
3 17 ->
4 18 6
4 19 2
4 20 7
4 21 3
3 17 ->
4 18 7
4 19 2
4 20 8
4 21 3
3 17 ->
4 18 8
4 19 2
4 20 9
4 21 3
3 17 ->
4 18 9
4 19 2
4 20 10
4 21 3
3 17 ->
4 18 10
4 19 2
4 20 11
4 21 3
3 17 ->
4 18 11
4 19 2
4 20 12
4 21 3
3 17 ->
4 18 12
4 19 2
4 20 13
4 21 3
3 17 ->
4 18 13
4 19 2
4 20 14
4 21 3
3 17 ->
4 18 14
4 19 2
4 20 15
4 21 3
3 17 ->
4 18 15
4 19 2
4 20 16
4 21 3
3 17 ->
4 18 16
4 19 2
4 20 17
4 21 3
3 17 ->
4 18 17
4 19 2
4 20 18
4 21 3
3 17 ->
4 18 18
4 19 2
4 20 19
4 21 3
3 17 ->
4 18 19
4 19 2
4 20 20
4 21 3
3 17 ->
4 18 20
4 19 2
4 20 21
4 21 3
3 17 ->
4 18 21
4 19 2
4 20 22
4 21 3
3 17 ->
4 18 22
4 19 2
4 20 23
4 21 3
3 17 ->
4 18 23
4 19 2
4 20 24
4 21 3
3 17 ->
4 18 24
4 19 2
4 20 25
4 21 3
3 17 ->
4 18 25
4 19 2
4 20 26
4 21 3
3 17 ->
4 18 26
4 19 2
4 20 27
4 21 3
3 17 ->
4 18 27
4 19 2
4 20 28
4 21 3
3 17 ->
4 18 28
4 19 2
4 20 29
4 21 3
3 17 ->
4 18 29
4 19 2
4 20 30
4 21 3
3 17 ->
4 18 30
4 19 2
4 20 31
4 21 3
3 17 ->
4 18 31
4 19 2
4 20 32
4 21 3
3 17 ->
4 18 32
4 19 2
4 20 33
4 21 3
3 17 ->
4 18 33
4 19 2
4 20 34
4 21 3
3 17 ->
4 18 34
4 19 2
4 20 35
4 21 3
3 17 ->
4 18 35
4 19 2
4 20 36
4 21 3
3 17 ->
4 18 36
4 19 2
4 20 37
4 21 3
3 17 ->
4 18 37
4 19 2
4 20 38
4 21 3
3 17 ->
4 18 38
4 19 2
4 20 39
4 21 3
3 17 ->
4 18 39
4 19 2
4 20 40
4 21 3
3 17 ->
4 18 40
4 19 2
4 20 41
4 21 3
3 17 ->
4 18 41
4 19 2
4 20 42
4 21 3
3 17 ->
4 18 42
4 19 2
4 20 43
4 21 3
3 17 ->
4 18 43
4 19 2
4 20 44
4 21 3
3 17 ->
4 18 44
4 19 2
4 20 45
4 21 3
3 17 ->
4 18 45
4 19 2
4 20 46
4 21 3
3 17 ->
4 18 46
4 19 2
4 20 47
4 21 3
3 17 ->
4 18 47
4 19 2
4 20 48
4 21 3
3 17 ->
4 18 48
4 19 2
4 20 49
4 21 3
3 17 ->
4 18 49
4 19 2
4 20 50
4 21 3
3 17 ->
4 18 50
4 19 2
4 20 51
4 21 3
3 17 ->
4 18 -3
4 19 4
4 20 0
4 21 242
@model_db 22 0
2 22 [51]
3 22 ->
@model_t_type 23 1
4 23 2
@model_name 24 10
4 24 CSS-00-00-02
@generic_name 25 10
4 25 
@stamp 26 0
4 26 
3 22 ->
4 23 2
4 24 MC_00_00
4 25 
4 26 
3 22 ->
4 23 2
4 24 EUROPEAN_TYPE_ROLLER_CHAIN_WHEE
4 25 
4 26 
3 22 ->
4 23 2
4 24 SPM-00-00-01
4 25 
4 26 
3 22 ->
4 23 2
4 24 MC_00_00
4 25 
4 26 
3 22 ->
4 23 2
4 24 MC_00_00
4 25 
4 26 
3 22 ->
4 23 2
4 24 MC_00_00
4 25 
4 26 
3 22 ->
4 23 2
4 24 SPM-00-00-01
4 25 
4 26 
3 22 ->
4 23 2
4 24 CSS-00-00-02
4 25 
4 26 
3 22 ->
4 23 2
4 24 RADIAL_BALL_BEARING_68_DINDIN_6
4 25 
4 26 
3 22 ->
4 23 2
4 24 RADIAL_BALL_BEARING_68_DINDIN_6
4 25 
4 26 
3 22 ->
4 23 2
4 24 RADIAL_BALL_BEARING_68_DINDIN_6
4 25 
4 26 
3 22 ->
4 23 2
4 24 RADIAL_BALL_BEARING_68_DINDIN_6
4 25 
4 26 
3 22 ->
4 23 2
4 24 HEX_NUT_GRADEC_DINHEXAGON_NUT_I
4 25 
4 26 
3 22 ->
4 23 2
4 24 HEX_NUT_GRADEC_DINHEXAGON_NUT_I
4 25 
4 26 
3 22 ->
4 23 2
4 24 HEX_NUT_GRADEC_DINHEXAGON_NUT_I
4 25 
4 26 
3 22 ->
4 23 2
4 24 HEX_NUT_GRADEC_DINHEXAGON_NUT_I
4 25 
4 26 
3 22 ->
4 23 2
4 24 HEX_NUT_GRADEC_DINHEXAGON_NUT_I
4 25 
4 26 
3 22 ->
4 23 2
4 24 HEX_NUT_GRADEC_DINHEXAGON_NUT_I
4 25 
4 26 
3 22 ->
4 23 2
4 24 HEX_NUT_GRADEC_DINHEXAGON_NUT_I
4 25 
4 26 
3 22 ->
4 23 2
4 24 HEX_NUT_GRADEC_DINHEXAGON_NUT_I
4 25 
4 26 
3 22 ->
4 23 2
4 24 HEX_SCREW_GRADEC_DINISO_4018_-_
4 25 
4 26 
3 22 ->
4 23 2
4 24 HEX_SCREW_GRADEC_DINISO_4018_-_
4 25 
4 26 
3 22 ->
4 23 2
4 24 HEX_SCREW_GRADEC_DINISO_4018_-_
4 25 
4 26 
3 22 ->
4 23 2
4 24 HEX_NUT_GRADEC_DINHEXAGON_NUT_I
4 25 
4 26 
3 22 ->
4 23 2
4 24 HEX_SCREW_GRADEC_DINISO_4018_-_
4 25 
4 26 
3 22 ->
4 23 2
4 24 HEX_SCREW_GRADEC_DINISO_4018_-_
4 25 
4 26 
3 22 ->
4 23 2
4 24 MC_00_00
4 25 
4 26 
3 22 ->
4 23 2
4 24 HEX_SCREW_GRADEC_DINISO_4018_-_
4 25 
4 26 
3 22 ->
4 23 2
4 24 HEX_NUT_GRADEC_DINHEXAGON_NUT_I
4 25 
4 26 
3 22 ->
4 23 2
4 24 HEX_NUT_GRADEC_DINHEXAGON_NUT_I
4 25 
4 26 
3 22 ->
4 23 2
4 24 HEX_SCREW_GRADEC_DINISO_4018_-_
4 25 
4 26 
3 22 ->
4 23 2
4 24 HEX_SCREW_GRADEC_DINISO_4018_-_
4 25 
4 26 
3 22 ->
4 23 2
4 24 MC_00_00
4 25 
4 26 
3 22 ->
4 23 2
4 24 HEX_SCREW_GRADEC_DINISO_4018_-_
4 25 
4 26 
3 22 ->
4 23 2
4 24 HEX_SCREW_GRADEC_DINISO_4018_-_
4 25 
4 26 
3 22 ->
4 23 2
4 24 RADIAL_BALL_BEARING_68_DINDIN_6
4 25 
4 26 
3 22 ->
4 23 2
4 24 RADIAL_BALL_BEARING_68_DINDIN_6
4 25 
4 26 
3 22 ->
4 23 2
4 24 HEX_SCREW_GRADEC_DINISO_4018_-_
4 25 
4 26 
3 22 ->
4 23 2
4 24 HEX_SCREW_GRADEC_DINISO_4018_-_
4 25 
4 26 
3 22 ->
4 23 2
4 24 ETI-00-00-06
4 25 
4 26 
3 22 ->
4 23 2
4 24 ENG-00-01-01
4 25 
4 26 
3 22 ->
4 23 2
4 24 ENG-00-01-01
4 25 
4 26 
3 22 ->
4 23 1
4 24 ESP_00_00_02_6
4 25 
4 26 
3 22 ->
4 23 2
4 24 ENG-00-01-01
4 25 
4 26 
3 22 ->
4 23 2
4 24 ETI-00-00-04
4 25 
4 26 
3 22 ->
4 23 2
4 24 CSS-00-00-03
4 25 
4 26 
3 22 ->
4 23 2
4 24 HEX_NUT_GRADEC_DINHEXAGON_NUT_I
4 25 
4 26 
3 22 ->
4 23 2
4 24 CSS-00-00-03
4 25 
4 26 
3 22 ->
4 23 1
4 24 ESP_00_00_01
4 25 
4 26 
3 22 ->
4 23 1
4 24 ESP_00_00_02_7
4 25 
4 26 
@usr_rev 27 0
1 27 [1]
2 27 
@name 28 10
3 28 Raian
@mod_time 29 0
3 29 
@tm_sec 30 1
4 30 15
@tm_min 31 1
4 31 47
@tm_hour 32 1
4 32 21
@tm_mday 33 1
4 33 16
@tm_mon 34 1
4 34 7
@tm_year 35 1
4 35 2025
@action 36 1
3 36 1000
@comment 37 10
3 37 Hostname: 'RAIANZ7'
@rel_level 38 10
3 38 
@rev_string 39 10
3 39 
@revnum_std 40 1
1 40 71
@flag 41 1
1 41 0
@name 42 10
1 42 NULL
@inst_hidden 43 1
1 43 0
@old_name 44 10
1 44 NULL
@appl_data 45 0
1 45 ->
@bounding_box 46 2
2 46 [2][3]
$0,0,0
$3FF,3FF,3FF
@ver_key 47 0
1 47 ->
@time 48 1
2 48 962053735
@random_num 49 1
2 49 220098560
@hostid 50 1
2 50 1265647124
@last_read 51 1
1 51 -1
#END_OF_P_OBJECT
#Pro/ENGINEER  TM  Release 20.0  (c) 1988-98 by Parametric Technology Corporation  All Rights Reserved. 9839
@Toc 52 0
0 52 ->
@entry 53 10
1 53 [128]
2 53 BasicData 2b97 4f2 0 998########################################################
2 53 BasicText 3089 37d 0 998########################################################
2 53 GeomDepen 3406 71 0 998#########################################################
2 53 DispCntrl 3477 42 0 998#########################################################
2 53 DisplData 34b9 38 0 998#########################################################
2 53 LargeText 34f1 a6 0 998#########################################################
2 53 FamilyInf 3597 40 0 998#########################################################
2 53 VisibGeom 35d7 39 0 998#########################################################
2 53 NovisGeom 3610 56 0 998#########################################################
2 53 ActEntity 3666 24 0 998#########################################################
2 53 AllFeatur 368a e4e0 0 998#######################################################
2 53 FullMData 11b6a 5ea 0 998#######################################################
2 53 ModelView#0 12154 4b9 0 998#####################################################
2 53 DispDataColor 1260d 29 0 998####################################################
2 53 DispDataTable 12636 287 0 998###################################################
2 53 AssMrgPrt 128bd 28 0 998########################################################
2 53 ################################################################################
2 53 ################################################################################
2 53 ################################################################################
2 53 ################################################################################
2 53 ################################################################################
2 53 ################################################################################
2 53 ################################################################################
2 53 ################################################################################
2 53 ################################################################################
2 53 ################################################################################
2 53 ################################################################################
2 53 ################################################################################
2 53 ################################################################################
2 53 ################################################################################
2 53 ################################################################################
2 53 ################################################################################
2 53 ################################################################################
2 53 ################################################################################
2 53 ################################################################################
2 53 ################################################################################
2 53 ################################################################################
2 53 ################################################################################
2 53 ################################################################################
2 53 ################################################################################
2 53 ################################################################################
2 53 ################################################################################
2 53 ################################################################################
2 53 ################################################################################
2 53 ################################################################################
2 53 ################################################################################
2 53 ################################################################################
2 53 ################################################################################
2 53 ################################################################################
2 53 ################################################################################
2 53 ################################################################################
2 53 ################################################################################
2 53 ################################################################################
2 53 ################################################################################
2 53 ################################################################################
2 53 ################################################################################
2 53 ################################################################################
2 53 ################################################################################
2 53 ################################################################################
2 53 ################################################################################
2 53 ################################################################################
2 53 ################################################################################
2 53 ################################################################################
2 53 ################################################################################
2 53 ################################################################################
2 53 ################################################################################
2 53 ################################################################################
2 53 ################################################################################
2 53 ################################################################################
2 53 ################################################################################
2 53 ################################################################################
2 53 ################################################################################
2 53 ################################################################################
2 53 ################################################################################
2 53 ################################################################################
2 53 ################################################################################
2 53 ################################################################################
2 53 ################################################################################
2 53 ################################################################################
2 53 ################################################################################
2 53 ################################################################################
2 53 ################################################################################
2 53 ################################################################################
2 53 ################################################################################
2 53 ################################################################################
2 53 ################################################################################
2 53 ################################################################################
2 53 ################################################################################
2 53 ################################################################################
2 53 ################################################################################
2 53 ################################################################################
2 53 ################################################################################
2 53 ################################################################################
2 53 ################################################################################
2 53 ################################################################################
2 53 ################################################################################
2 53 ################################################################################
2 53 ################################################################################
2 53 ################################################################################
2 53 ################################################################################
2 53 ################################################################################
2 53 ################################################################################
2 53 ################################################################################
2 53 ################################################################################
2 53 ################################################################################
2 53 ################################################################################
2 53 ################################################################################
2 53 ################################################################################
2 53 ################################################################################
2 53 ################################################################################
2 53 ################################################################################
2 53 ################################################################################
2 53 ################################################################################
2 53 ################################################################################
2 53 ################################################################################
2 53 ################################################################################
2 53 ################################################################################
2 53 ################################################################################
2 53 ################################################################################
2 53 ################################################################################
2 53 ################################################################################
2 53 ################################################################################
2 53 ################################################################################
2 53 ################################################################################
2 53 ################################################################################
2 53 ################################################################################
2 53 ################################################################################
2 53 ################################################################################
#BasicData
@Sld_BasicData 1 0
0 1 ->
@tab_key 2 1
1 2 0
@tab_key_struct 3 0
1 3 ->
@type 4 4
2 4 H
@tab_key_ptr 5 0
2 5 [52]
@cmprs_tabkey 6 0
2 6 NULL
@type 7 1
1 7 1
@revnum_ptr 8 0
1 8 ->
@geom_revnum 9 1
2 9 59
@cosm_revnum 10 1
2 10 14
@tol_default_ptr 11 0
1 11 ->
@type 12 1
2 12 10
@value 13 2
2 13 [7]
$0,3FB999999999999A,3F847AE147AE147B,3F50624DD2F1A9FC,3F1A36E2EB1C432D,3EE4F8B588E368F1,3EB0C6F7A0B5ED8D
@ang_value 14 2
2 14 [7]
$0,3FE,3FE,3FE,3FE,3FE,3FE
@lin_digits 15 1
2 15 [7]
$-1,-1,-1,-1,-1,-1,-1
@ang_digits 16 1
2 16 [7]
$0,0,0,0,0,0,0
@standard 17 1
2 17 0
@iso_tol_tbls_ptr 18 0
2 18 NULL
@datum_count 19 1
1 19 0
@axis_count 20 1
1 20 0
@insert_layer_id 21 1
1 21 -1
@layer_count 22 1
1 22 1
@rel_part_eps 23 2
1 23 3F53A92A30553261
@model_eps 24 2
1 24 0
@fixed_model_eps 25 1
1 25 0
@assembled_count 26 1
1 26 0
@part_type 27 1
1 27 2
@first_ent_id 28 1
1 28 513569
@first_view_id 29 1
1 29 0
@outline 30 2
1 30 [2][3]
$0,0,0
$3FF,3FF,3FF
@dim_num 31 1
1 31 0
@geom_lib_ptr 32 0
1 32 NULL
@attrib_array 33 1
1 33 [3]
$0,0,0
@max_part_size 34 2
1 34 0
@model_name 35 10
1 35 CT-00-00-02_1
@disp_outl_info 36 0
1 36 
@disp_outline 37 2
2 37 [2][3]
$0,0,0
$3FF,3FF,3FF
@sel_outl_info 38 0
1 38 ->
@outline 39 2
2 39 [2][3]
$0,0,0
$3FF,3FF,3FF
#BasicText
@Sld_BasicText 1 0
0 1 ->
@assem_mass_prop_ptr 2 0
1 2 NULL
@mass_prop_ptr 3 0
1 3 ->
@type 4 1
2 4 0
@density 5 2
2 5 CCCCCCCCCCCCCCCC
@init_dens 6 5
2 6 0
@rel_density 7 2
2 7 0
@init_rel_dens 8 5
2 8 0
@aver_density 9 2
2 9 0
@vrevnum 10 1
2 10 -1
@volume 11 2
2 11 0
@cg 12 2
2 12 [3]
$0,0,0
@inertia 13 2
2 13 [3][3]
$0,0,0
$0,0,0
$0,0,0
@eps 14 2
2 14 0
@surfarea 15 2
2 15 0
@assign_mp_ptr 16 0
1 16 NULL
@mat_name_ptr 17 10
1 17 NULL
@unit_arr 18 0
1 18 [3]
2 18 
@type 19 1
3 19 13
@factor 20 2
3 20 3FF
@name 21 10
3 21 MM
@unit_type 22 1
3 22 0
2 18 
3 19 12
3 20 408F4
3 21 GRAM
3 22 1
2 18 
3 19 13
3 20 3F3234576CF0BB8C
3 21 SECS
3 22 2
@p_unit_info 23 0
1 23 ->
@custom_unit_arr 24 0
2 24 [6]
3 24 
3 24 
3 24 
3 24 
3 24 
3 24 
@principal_sys_units 25 10
2 25 millimeter Newton Second (mmNs)
@history_scale 26 2
2 26 [6][2]
$3FF,0
$3FF,0
$3FF,0
$3FF,0
$3FF,0
$3FF,0
#GeomDepen
@Sld_GeomDepend 1 0
0 1 ->
@frst_geom_ptr 2 1
1 2 0
@fem_data 3 0
1 3 NULL
@first_quilt_ptr 4 1
1 4 0
#DispCntrl
@Sld_DispCntrl 1 0
0 1 ->
@color_prop_ptr 2 0
1 2 NULL
#DisplData
@Sld_DispData 1 0
0 1 ->
@disp_data 2 0
1 2 
#LargeText
@Sld_LargeText 1 0
0 1 ->
@relpar_sets 2 0
1 2 [1]
2 2 
@id 3 1
3 3 -1
@type 4 1
3 4 1
@ext_ref_id 5 1
3 5 -1
@relatnum 6 1
3 6 0
@cfg_states 7 0
1 7 NULL
#FamilyInf
@Sld_FamilyInfo 1 0
0 1 ->
@drv_tbl_ptr 2 0
1 2 NULL
#VisibGeom
@Sld_VisGeom 1 0
0 1 ->
@active_geom 2 0
1 2 
#NovisGeom
@Sld_NonVisGeom 1 0
0 1 ->
@inactive_geom 2 0
1 2 
@external_geom 3 0
1 3 
#ActEntity
@Sld_Entities 1 0
0 1 ->
#AllFeatur
@Sld_Features 1 0
0 1 ->
@first_feat_ptr 2 0
1 2 ->
@id 3 1
2 3 1
@indep_attributes 4 1
2 4 1
@feat_type_ptr 5 0
2 5 ->
@table_id 6 1
3 6 -1
@type 7 1
3 7 1000
@feattype_key 8 10
3 8 NULL
@form 9 1
3 9 0
@attributes 10 1
3 10 [3]
$0,0,0
@placement 11 1
3 11 0
@intersection 12 1
3 12 -1
@internal_udf_type 13 1
3 13 -1
@param_choice_ptr 14 0
3 14 ->
@blend_choice 15 1
4 15 0
@depth_choice 16 1
4 16 0
@angle_choice 17 1
4 17 0
@pat_choice 18 1
4 18 -1
@round_choice 19 1
4 19 -1
@subsec_choice 20 1
4 20 -1
@sweep_choice 21 1
4 21 0
@dome_choice 22 1
4 22 0
@draft_choice 23 1
4 23 0
@misc_choice 24 1
4 24 [2]
$0,0
@assoc_type 25 1
3 25 0
@symbol_key 26 1
2 26 -1
@sect_name 27 10
2 27 no_name
@model_type 28 1
2 28 1
@idtab_ptr 29 0
2 29 ->
@save_geoms 30 0
3 30 NULL
@cr_flags_xar 31 1
3 31 NULL
@cvt_feat_dat 32 0
3 32 NULL
@feat_dates_ptr 33 0
3 33 ->
@creat_date 34 1
4 34 200057
@regen_date 35 1
4 35 200057
@group_info_ptr 36 0
2 36 NULL
@intrs_pairs_ptr 37 0
2 37 ->
@place_rec_ptr 38 0
2 38 ->
@local_sys 39 2
3 39 [4][3]
$3FF,0,0
$0,0,BFF
$0,3FF,0
$C037B93122ED0B1B,C032F017C25BE4A6,4070FE87E8FA82AD
@place_instruction_ptrs 40 0
3 40 [1]
4 40 ->
@type 41 1
5 41 192
@offset 42 2
5 42 0
@dim_id 43 1
5 43 -1
@ref_id 44 1
5 44 0
@geometry1_id 45 1
5 45 -1
@geometry2_id 46 1
5 46 -1
@memb_num1 47 1
5 47 0
@memb_num2 48 1
5 48 0
@attr 49 1
5 49 0
@own_ref_id 50 1
3 50 0
@orient 51 1
3 51 0
@trf_arr 52 0
3 52 [1]
4 52 
@type 53 1
5 53 19
@idx 54 1
5 54 0
@transf 55 2
5 55 [4][3]
$3FF,0,0
$0,0,BFF
$0,3FF,0
$C037B93122ED0B1B,C032F017C25BE4A6,4070FE87E8FA82AD
@next_prop 56 0
2 56 NULL
@first_geom_id 57 1
2 57 -1
@cond_tbl_idx 58 1
2 58 -1
@comment 59 10
2 59 NULL
@merge_info_ptr 60 0
2 60 NULL
@dat_ptr(comp_data) 61 0
2 61 ->
@type 62 1
3 62 123
@model_ptr 63 0
3 63 
@object_type 64 1
4 64 2
@name 65 10
4 65 CSS-00-00-02
@simpl_rep 66 0
4 66 NULL
@placed_flag 67 1
3 67 1
@subst_asm_ref_id 68 1
3 68 -1
@instance 69 3
3 69 NULL
@stamp 70 0
3 70 
@major_vers 71 0
4 71 
@vers 72 1
5 72 0
@alias_name 73 10
5 73 
@minor_vers 74 0
4 74 
@vers 75 1
5 75 0
@dep_id 76 1
3 76 0
@interchange_info 77 0
3 77 NULL
@topology_increment 78 0
2 78 ->
@first_geom 79 1
3 79 0
@first_quilt 80 1
3 80 0
@outline 81 2
3 81 [2][3]
$0,0,0
$0,0,0
@max_part_size 82 2
3 82 0
@xform_increment 83 0
3 83 NULL
@roll_back_id 84 1
3 84 -1
@state_ind 85 1
2 85 -1
@alumni_info 86 0
2 86 NULL
@revnum 87 1
2 87 -1
@rev_rec 88 0
2 88 ->
@revnums 89 0
3 89 [1]
4 89 ->
@owner_type 90 1
5 90 3
@owner_ind 91 1
5 91 -1
@ref_id 92 1
5 92 -1
@ref_revnum 93 1
5 93 -1
@num_plins 94 1
3 94 0
@expl_state_ref 95 0
2 95 NULL
@feat_outl_info 96 0
2 96 NULL
@next_feat_ptr 97 0
1 97 ->
2 3 2
2 4 1
2 5 ->
3 6 -1
3 7 1000
3 8 NULL
3 9 0
3 10 [3]
$0,0,0
3 11 0
3 12 -1
3 13 -1
3 14 ->
4 15 0
4 16 0
4 17 0
4 18 -1
4 19 -1
4 20 -1
4 21 0
4 22 0
4 23 0
4 24 [2]
$0,0
3 25 0
2 26 -1
2 27 no_name
2 28 1
2 29 ->
3 30 NULL
3 31 NULL
3 32 NULL
3 33 ->
4 34 200057
4 35 200057
2 36 NULL
2 37 ->
2 38 ->
3 39 [4][3]
$BFF,BCE61FFFFFFFFFFF,BCA4AF44FD216E17
$3CE6648CCFCADE1B,BFEFFFFFFFFFFFFF,BCB8F0CEDE9047AE
$BCA0889976946BAC,BCBBF0CEDE9047B5,3FF0000000000001
$406A68D9DBA25EA3,40350FE83DA41AA8,4073A0EE4F60E912
3 40 [1]
4 40 ->
5 41 192
5 42 0
5 43 -1
5 44 0
5 45 -1
5 46 -1
5 47 0
5 48 0
5 49 0
3 50 0
3 51 0
3 52 [1]
4 52 
5 53 19
5 54 0
5 55 [4][3]
$BFF,BCE61FFFFFFFFFFF,BCA4AF44FD216E17
$3CE6648CCFCADE1B,BFEFFFFFFFFFFFFF,BCB8F0CEDE9047AE
$BCA0889976946BAC,BCBBF0CEDE9047B5,3FF0000000000001
$406A68D9DBA25EA3,40350FE83DA41AA8,4073A0EE4F60E912
2 56 NULL
2 57 -1
2 58 -1
2 59 NULL
2 60 NULL
2 61 ->
3 62 123
3 63 
4 64 2
4 65 MC_00_00
4 66 NULL
3 67 1
3 68 -1
3 69 NULL
3 70 
4 71 
5 72 0
5 73 
4 74 
5 75 0
3 76 1
3 77 NULL
2 78 ->
3 79 0
3 80 0
3 81 [2][3]
$0,0,0
$0,0,0
3 82 0
3 83 NULL
3 84 -1
2 85 -1
2 86 NULL
2 87 -1
2 88 ->
3 89 [1]
4 89 ->
5 90 3
5 91 -1
5 92 -1
5 93 -1
3 94 0
2 95 NULL
2 96 NULL
1 97 ->
2 3 3
2 4 1
2 5 ->
3 6 -1
3 7 1000
3 8 NULL
3 9 0
3 10 [3]
$0,0,0
3 11 0
3 12 -1
3 13 -1
3 14 ->
4 15 0
4 16 0
4 17 0
4 18 -1
4 19 -1
4 20 -1
4 21 0
4 22 0
4 23 0
4 24 [2]
$0,0
3 25 0
2 26 -1
2 27 no_name
2 28 1
2 29 ->
3 30 NULL
3 31 NULL
3 32 NULL
3 33 ->
4 34 200057
4 35 200057
2 36 NULL
2 37 ->
2 38 ->
3 39 [4][3]
$0,BFEECCA8AF9E83BE,BFD15DAE116AE754
$0,BFD15DAE116AE754,3FEECCA8AF9E83BE
$BFF,0,0
$40335E504D6AB68A,405063FA0F6906DA,40701E87E8FA82B1
3 40 [1]
4 40 ->
5 41 192
5 42 0
5 43 -1
5 44 0
5 45 -1
5 46 -1
5 47 0
5 48 0
5 49 0
3 50 0
3 51 0
3 52 [1]
4 52 
5 53 19
5 54 0
5 55 [4][3]
$0,BFEECCA8AF9E83BE,BFD15DAE116AE754
$0,BFD15DAE116AE754,3FEECCA8AF9E83BE
$BFF,0,0
$40335E504D6AB68A,405063FA0F6906DA,40701E87E8FA82B1
2 56 NULL
2 57 -1
2 58 -1
2 59 NULL
2 60 NULL
2 61 ->
3 62 123
3 63 
4 64 2
4 65 EUROPEAN_TYPE_ROLLER_CHAIN_WHEE
4 66 NULL
3 67 1
3 68 -1
3 69 NULL
3 70 
4 71 
5 72 0
5 73 
4 74 
5 75 0
3 76 2
3 77 NULL
2 78 ->
3 79 0
3 80 0
3 81 [2][3]
$0,0,0
$0,0,0
3 82 0
3 83 NULL
3 84 -1
2 85 -1
2 86 NULL
2 87 -1
2 88 ->
3 89 [1]
4 89 ->
5 90 3
5 91 -1
5 92 -1
5 93 -1
3 94 0
2 95 NULL
2 96 NULL
1 97 ->
2 3 4
2 4 1
2 5 ->
3 6 -1
3 7 1000
3 8 NULL
3 9 0
3 10 [3]
$0,0,0
3 11 0
3 12 -1
3 13 -1
3 14 ->
4 15 0
4 16 0
4 17 0
4 18 -1
4 19 -1
4 20 -1
4 21 0
4 22 0
4 23 0
4 24 [2]
$0,0
3 25 0
2 26 -1
2 27 no_name
2 28 1
2 29 ->
3 30 NULL
3 31 NULL
3 32 NULL
3 33 ->
4 34 200057
4 35 200057
2 36 NULL
2 37 ->
2 38 ->
3 39 [4][3]
$3FF,0,0
$0,3FF,0
$0,0,3FF
$C0629726245DA164,C032F017C25BE4A6,4070FE87E8FA82AD
3 40 [1]
4 40 ->
5 41 192
5 42 0
5 43 -1
5 44 0
5 45 -1
5 46 -1
5 47 0
5 48 0
5 49 0
3 50 0
3 51 0
3 52 [1]
4 52 
5 53 19
5 54 0
5 55 [4][3]
$3FF,0,0
$0,3FF,0
$0,0,3FF
$C0629726245DA164,C032F017C25BE4A6,4070FE87E8FA82AD
2 56 NULL
2 57 -1
2 58 -1
2 59 NULL
2 60 NULL
2 61 ->
3 62 123
3 63 
4 64 2
4 65 SPM-00-00-01
4 66 NULL
3 67 1
3 68 -1
3 69 NULL
3 70 
4 71 
5 72 0
5 73 
4 74 
5 75 0
3 76 3
3 77 NULL
2 78 ->
3 79 0
3 80 0
3 81 [2][3]
$0,0,0
$0,0,0
3 82 0
3 83 NULL
3 84 -1
2 85 -1
2 86 NULL
2 87 -1
2 88 ->
3 89 [1]
4 89 ->
5 90 3
5 91 -1
5 92 -1
5 93 -1
3 94 0
2 95 NULL
2 96 NULL
1 97 ->
2 3 5
2 4 1
2 5 ->
3 6 -1
3 7 1000
3 8 NULL
3 9 0
3 10 [3]
$0,0,0
3 11 0
3 12 -1
3 13 -1
3 14 ->
4 15 0
4 16 0
4 17 0
4 18 -1
4 19 -1
4 20 -1
4 21 0
4 22 0
4 23 0
4 24 [2]
$0,0
3 25 0
2 26 -1
2 27 no_name
2 28 1
2 29 ->
3 30 NULL
3 31 NULL
3 32 NULL
3 33 ->
4 34 200057
4 35 200057
2 36 NULL
2 37 ->
2 38 ->
3 39 [4][3]
$3FF,BCD,0
$BCD,BFF,0
$0,0,BFF
$40335E504D6AB68A,405063FA0F6906D8,40717C2182941C4D
3 40 [1]
4 40 ->
5 41 192
5 42 0
5 43 -1
5 44 0
5 45 -1
5 46 -1
5 47 0
5 48 0
5 49 0
3 50 0
3 51 0
3 52 [1]
4 52 
5 53 19
5 54 0
5 55 [4][3]
$3FF,BCD,0
$BCD,BFF,0
$0,0,BFF
$40335E504D6AB68A,405063FA0F6906D8,40717C2182941C4D
2 56 NULL
2 57 -1
2 58 -1
2 59 NULL
2 60 NULL
2 61 ->
3 62 123
3 63 
4 64 2
4 65 MC_00_00
4 66 NULL
3 67 1
3 68 -1
3 69 NULL
3 70 
4 71 
5 72 0
5 73 
4 74 
5 75 0
3 76 4
3 77 NULL
2 78 ->
3 79 0
3 80 0
3 81 [2][3]
$0,0,0
$0,0,0
3 82 0
3 83 NULL
3 84 -1
2 85 -1
2 86 NULL
2 87 -1
2 88 ->
3 89 [1]
4 89 ->
5 90 3
5 91 -1
5 92 -1
5 93 -1
3 94 0
2 95 NULL
2 96 NULL
1 97 ->
2 3 6
2 4 1
2 5 ->
3 6 -1
3 7 1000
3 8 NULL
3 9 0
3 10 [3]
$0,0,0
3 11 0
3 12 -1
3 13 -1
3 14 ->
4 15 0
4 16 0
4 17 0
4 18 -1
4 19 -1
4 20 -1
4 21 0
4 22 0
4 23 0
4 24 [2]
$0,0
3 25 0
2 26 -1
2 27 no_name
2 28 1
2 29 ->
3 30 NULL
3 31 NULL
3 32 NULL
3 33 ->
4 34 200057
4 35 200057
2 36 NULL
2 37 ->
2 38 ->
3 39 [4][3]
$3FF,0,0
$0,3FF,0
$0,0,3FF
$40335E504D6AB68A,405063FA0F6906D6,4073A0EE4F60E912
3 40 [1]
4 40 ->
5 41 192
5 42 0
5 43 -1
5 44 0
5 45 -1
5 46 -1
5 47 0
5 48 0
5 49 0
3 50 0
3 51 0
3 52 [1]
4 52 
5 53 19
5 54 0
5 55 [4][3]
$3FF,0,0
$0,3FF,0
$0,0,3FF
$40335E504D6AB68A,405063FA0F6906D6,4073A0EE4F60E912
2 56 NULL
2 57 -1
2 58 -1
2 59 NULL
2 60 NULL
2 61 ->
3 62 123
3 63 
4 64 2
4 65 MC_00_00
4 66 NULL
3 67 1
3 68 -1
3 69 NULL
3 70 
4 71 
5 72 0
5 73 
4 74 
5 75 0
3 76 5
3 77 NULL
2 78 ->
3 79 0
3 80 0
3 81 [2][3]
$0,0,0
$0,0,0
3 82 0
3 83 NULL
3 84 -1
2 85 -1
2 86 NULL
2 87 -1
2 88 ->
3 89 [1]
4 89 ->
5 90 3
5 91 -1
5 92 -1
5 93 -1
3 94 0
2 95 NULL
2 96 NULL
1 97 ->
2 3 7
2 4 1
2 5 ->
3 6 -1
3 7 1000
3 8 NULL
3 9 0
3 10 [3]
$0,0,0
3 11 0
3 12 -1
3 13 -1
3 14 ->
4 15 0
4 16 0
4 17 0
4 18 -1
4 19 -1
4 20 -1
4 21 0
4 22 0
4 23 0
4 24 [2]
$0,0
3 25 0
2 26 -1
2 27 no_name
2 28 1
2 29 ->
3 30 NULL
3 31 NULL
3 32 NULL
3 33 ->
4 34 200057
4 35 200057
2 36 NULL
2 37 ->
2 38 ->
3 39 [4][3]
$3FF,BCBC,0
$BCC2,BFF0000000000001,0
$0,0,BFF
$406A68D9DBA25EA2,40350FE83DA41B58,40717C2182941C4D
3 40 [1]
4 40 ->
5 41 192
5 42 0
5 43 -1
5 44 0
5 45 -1
5 46 -1
5 47 0
5 48 0
5 49 0
3 50 0
3 51 0
3 52 [1]
4 52 
5 53 19
5 54 0
5 55 [4][3]
$3FF,BCBC,0
$BCC2,BFF0000000000001,0
$0,0,BFF
$406A68D9DBA25EA2,40350FE83DA41B58,40717C2182941C4D
2 56 NULL
2 57 -1
2 58 -1
2 59 NULL
2 60 NULL
2 61 ->
3 62 123
3 63 
4 64 2
4 65 MC_00_00
4 66 NULL
3 67 1
3 68 -1
3 69 NULL
3 70 
4 71 
5 72 0
5 73 
4 74 
5 75 0
3 76 6
3 77 NULL
2 78 ->
3 79 0
3 80 0
3 81 [2][3]
$0,0,0
$0,0,0
3 82 0
3 83 NULL
3 84 -1
2 85 -1
2 86 NULL
2 87 -1
2 88 ->
3 89 [1]
4 89 ->
5 90 3
5 91 -1
5 92 -1
5 93 -1
3 94 0
2 95 NULL
2 96 NULL
1 97 ->
2 3 8
2 4 1
2 5 ->
3 6 -1
3 7 1000
3 8 NULL
3 9 0
3 10 [3]
$0,0,0
3 11 0
3 12 -1
3 13 -1
3 14 ->
4 15 0
4 16 0
4 17 0
4 18 -1
4 19 -1
4 20 -1
4 21 0
4 22 0
4 23 0
4 24 [2]
$0,0
3 25 0
2 26 -1
2 27 no_name
2 28 1
2 29 ->
3 30 NULL
3 31 NULL
3 32 NULL
3 33 ->
4 34 200057
4 35 200057
2 36 NULL
2 37 ->
2 38 ->
3 39 [4][3]
$3FF,0,0
$0,3FF,0
$0,0,3FF
$C0629726245DA164,C032F017C25BE4A6,40740687E8FA82B1
3 40 [1]
4 40 ->
5 41 192
5 42 0
5 43 -1
5 44 0
5 45 -1
5 46 -1
5 47 0
5 48 0
5 49 0
3 50 0
3 51 0
3 52 [1]
4 52 
5 53 19
5 54 0
5 55 [4][3]
$3FF,0,0
$0,3FF,0
$0,0,3FF
$C0629726245DA164,C032F017C25BE4A6,40740687E8FA82B1
2 56 NULL
2 57 -1
2 58 -1
2 59 NULL
2 60 NULL
2 61 ->
3 62 123
3 63 
4 64 2
4 65 SPM-00-00-01
4 66 NULL
3 67 1
3 68 -1
3 69 NULL
3 70 
4 71 
5 72 0
5 73 
4 74 
5 75 0
3 76 7
3 77 NULL
2 78 ->
3 79 0
3 80 0
3 81 [2][3]
$0,0,0
$0,0,0
3 82 0
3 83 NULL
3 84 -1
2 85 -1
2 86 NULL
2 87 -1
2 88 ->
3 89 [1]
4 89 ->
5 90 3
5 91 -1
5 92 -1
5 93 -1
3 94 0
2 95 NULL
2 96 NULL
1 97 ->
2 3 9
2 4 1
2 5 ->
3 6 -1
3 7 1000
3 8 NULL
3 9 0
3 10 [3]
$0,0,0
3 11 0
3 12 -1
3 13 -1
3 14 ->
4 15 0
4 16 0
4 17 0
4 18 -1
4 19 -1
4 20 -1
4 21 0
4 22 0
4 23 0
4 24 [2]
$0,0
3 25 0
2 26 -1
2 27 no_name
2 28 1
2 29 ->
3 30 NULL
3 31 NULL
3 32 NULL
3 33 ->
4 34 200057
4 35 200057
2 36 NULL
2 37 ->
2 38 ->
3 39 [4][3]
$3FF,0,0
$0,0,3FF
$0,BFF,0
$C037B93122ED0B1B,405A63FA0F6906D6,40741E87E8FA82B2
3 40 [1]
4 40 ->
5 41 192
5 42 0
5 43 -1
5 44 0
5 45 -1
5 46 -1
5 47 0
5 48 0
5 49 0
3 50 0
3 51 0
3 52 [1]
4 52 
5 53 19
5 54 0
5 55 [4][3]
$3FF,0,0
$0,0,3FF
$0,BFF,0
$C037B93122ED0B1B,405A63FA0F6906D6,40741E87E8FA82B2
2 56 NULL
2 57 -1
2 58 -1
2 59 NULL
2 60 NULL
2 61 ->
3 62 123
3 63 
4 64 2
4 65 CSS-00-00-02
4 66 NULL
3 67 1
3 68 -1
3 69 NULL
3 70 
4 71 
5 72 0
5 73 
4 74 
5 75 0
3 76 8
3 77 NULL
2 78 ->
3 79 0
3 80 0
3 81 [2][3]
$0,0,0
$0,0,0
3 82 0
3 83 NULL
3 84 -1
2 85 -1
2 86 NULL
2 87 -1
2 88 ->
3 89 [1]
4 89 ->
5 90 3
5 91 -1
5 92 -1
5 93 -1
3 94 0
2 95 NULL
2 96 NULL
1 97 ->
2 3 10
2 4 1
2 5 ->
3 6 -1
3 7 1000
3 8 NULL
3 9 0
3 10 [3]
$0,0,0
3 11 0
3 12 -1
3 13 -1
3 14 ->
4 15 0
4 16 0
4 17 0
4 18 -1
4 19 -1
4 20 -1
4 21 0
4 22 0
4 23 0
4 24 [2]
$0,0
3 25 0
2 26 -1
2 27 no_name
2 28 1
2 29 ->
3 30 NULL
3 31 NULL
3 32 NULL
3 33 ->
4 34 200057
4 35 200057
2 36 NULL
2 37 ->
2 38 ->
3 39 [4][3]
$0,0,3FF
$0,3FF,0
$BFF,0,0
$40335E504D6AB68A,405063FA0F6906D8,40714E87E8FA82B3
3 40 [1]
4 40 ->
5 41 192
5 42 0
5 43 -1
5 44 0
5 45 -1
5 46 -1
5 47 0
5 48 0
5 49 0
3 50 0
3 51 0
3 52 [1]
4 52 
5 53 19
5 54 0
5 55 [4][3]
$0,0,3FF
$0,3FF,0
$BFF,0,0
$40335E504D6AB68A,405063FA0F6906D8,40714E87E8FA82B3
2 56 NULL
2 57 -1
2 58 -1
2 59 NULL
2 60 NULL
2 61 ->
3 62 123
3 63 
4 64 2
4 65 RADIAL_BALL_BEARING_68_DINDIN_6
4 66 NULL
3 67 1
3 68 -1
3 69 NULL
3 70 
4 71 
5 72 0
5 73 
4 74 
5 75 0
3 76 9
3 77 NULL
2 78 ->
3 79 0
3 80 0
3 81 [2][3]
$0,0,0
$0,0,0
3 82 0
3 83 NULL
3 84 -1
2 85 -1
2 86 NULL
2 87 -1
2 88 ->
3 89 [1]
4 89 ->
5 90 3
5 91 -1
5 92 -1
5 93 -1
3 94 0
2 95 NULL
2 96 NULL
1 97 ->
2 3 11
2 4 1
2 5 ->
3 6 -1
3 7 1000
3 8 NULL
3 9 0
3 10 [3]
$0,0,0
3 11 0
3 12 -1
3 13 -1
3 14 ->
4 15 0
4 16 0
4 17 0
4 18 -1
4 19 -1
4 20 -1
4 21 0
4 22 0
4 23 0
4 24 [2]
$0,0
3 25 0
2 26 -1
2 27 no_name
2 28 1
2 29 ->
3 30 NULL
3 31 NULL
3 32 NULL
3 33 ->
4 34 200057
4 35 200057
2 36 NULL
2 37 ->
2 38 ->
3 39 [4][3]
$0,3FA012AB32FE28F,BFEFFBF663BF70C7
$0,3FEFFBF663BF70C7,3FA012AB32FE28F
$3FF,0,0
$40335E504D6AB68A,405063FA0F6906D6,4073CE87E8FA82B4
3 40 [1]
4 40 ->
5 41 192
5 42 0
5 43 -1
5 44 0
5 45 -1
5 46 -1
5 47 0
5 48 0
5 49 0
3 50 0
3 51 0
3 52 [1]
4 52 
5 53 19
5 54 0
5 55 [4][3]
$0,3FA012AB32FE28F,BFEFFBF663BF70C7
$0,3FEFFBF663BF70C7,3FA012AB32FE28F
$3FF,0,0
$40335E504D6AB68A,405063FA0F6906D6,4073CE87E8FA82B4
2 56 NULL
2 57 -1
2 58 -1
2 59 NULL
2 60 NULL
2 61 ->
3 62 123
3 63 
4 64 2
4 65 RADIAL_BALL_BEARING_68_DINDIN_6
4 66 NULL
3 67 1
3 68 -1
3 69 NULL
3 70 
4 71 
5 72 0
5 73 
4 74 
5 75 0
3 76 10
3 77 NULL
2 78 ->
3 79 0
3 80 0
3 81 [2][3]
$0,0,0
$0,0,0
3 82 0
3 83 NULL
3 84 -1
2 85 -1
2 86 NULL
2 87 -1
2 88 ->
3 89 [1]
4 89 ->
5 90 3
5 91 -1
5 92 -1
5 93 -1
3 94 0
2 95 NULL
2 96 NULL
1 97 ->
2 3 12
2 4 1
2 5 ->
3 6 -1
3 7 1000
3 8 NULL
3 9 0
3 10 [3]
$0,0,0
3 11 0
3 12 -1
3 13 -1
3 14 ->
4 15 0
4 16 0
4 17 0
4 18 -1
4 19 -1
4 20 -1
4 21 0
4 22 0
4 23 0
4 24 [2]
$0,0
3 25 0
2 26 -1
2 27 no_name
2 28 1
2 29 ->
3 30 NULL
3 31 NULL
3 32 NULL
3 33 ->
4 34 200057
4 35 200057
2 36 NULL
2 37 ->
2 38 ->
3 39 [4][3]
$0,3FD2A23EC1A5695,3FEE9D18425F65BF
$0,3FEE9D18425F65BF,BFD2A23EC1A5695
$BFF,0,0
$406A68D9DBA25EA2,40350FE83DA41B58,40714E87E8FA82B3
3 40 [1]
4 40 ->
5 41 192
5 42 0
5 43 -1
5 44 0
5 45 -1
5 46 -1
5 47 0
5 48 0
5 49 0
3 50 0
3 51 0
3 52 [1]
4 52 
5 53 19
5 54 0
5 55 [4][3]
$0,3FD2A23EC1A5695,3FEE9D18425F65BF
$0,3FEE9D18425F65BF,BFD2A23EC1A5695
$BFF,0,0
$406A68D9DBA25EA2,40350FE83DA41B58,40714E87E8FA82B3
2 56 NULL
2 57 -1
2 58 -1
2 59 NULL
2 60 NULL
2 61 ->
3 62 123
3 63 
4 64 2
4 65 RADIAL_BALL_BEARING_68_DINDIN_6
4 66 NULL
3 67 1
3 68 -1
3 69 NULL
3 70 
4 71 
5 72 0
5 73 
4 74 
5 75 0
3 76 11
3 77 NULL
2 78 ->
3 79 0
3 80 0
3 81 [2][3]
$0,0,0
$0,0,0
3 82 0
3 83 NULL
3 84 -1
2 85 -1
2 86 NULL
2 87 -1
2 88 ->
3 89 [1]
4 89 ->
5 90 3
5 91 -1
5 92 -1
5 93 -1
3 94 0
2 95 NULL
2 96 NULL
1 97 ->
2 3 13
2 4 1
2 5 ->
3 6 -1
3 7 1000
3 8 NULL
3 9 0
3 10 [3]
$0,0,0
3 11 0
3 12 -1
3 13 -1
3 14 ->
4 15 0
4 16 0
4 17 0
4 18 -1
4 19 -1
4 20 -1
4 21 0
4 22 0
4 23 0
4 24 [2]
$0,0
3 25 0
2 26 -1
2 27 no_name
2 28 1
2 29 ->
3 30 NULL
3 31 NULL
3 32 NULL
3 33 ->
4 34 200057
4 35 200057
2 36 NULL
2 37 ->
2 38 ->
3 39 [4][3]
$BCA4AF44FD216E1E,BF8A84D2AC2D99F3,BFEFFF502E2FC3D9
$BCB8F0CEDE9047B5,3FEFFF502E2FC3D9,BF8A84D2AC2D99F3
$3FF,3CB8CDFD4FAE6415,BCA5542CC3E6273C
$406A68D9DBA25EA2,40350FE83DA41B52,4073CE87E8FA82B4
3 40 [1]
4 40 ->
5 41 192
5 42 0
5 43 -1
5 44 0
5 45 -1
5 46 -1
5 47 0
5 48 0
5 49 0
3 50 0
3 51 0
3 52 [1]
4 52 
5 53 19
5 54 0
5 55 [4][3]
$BCA4AF44FD216E1E,BF8A84D2AC2D99F3,BFEFFF502E2FC3D9
$BCB8F0CEDE9047B5,3FEFFF502E2FC3D9,BF8A84D2AC2D99F3
$3FF,3CB8CDFD4FAE6415,BCA5542CC3E6273C
$406A68D9DBA25EA2,40350FE83DA41B52,4073CE87E8FA82B4
2 56 NULL
2 57 -1
2 58 -1
2 59 NULL
2 60 NULL
2 61 ->
3 62 123
3 63 
4 64 2
4 65 RADIAL_BALL_BEARING_68_DINDIN_6
4 66 NULL
3 67 1
3 68 -1
3 69 NULL
3 70 
4 71 
5 72 0
5 73 
4 74 
5 75 0
3 76 12
3 77 NULL
2 78 ->
3 79 0
3 80 0
3 81 [2][3]
$0,0,0
$0,0,0
3 82 0
3 83 NULL
3 84 -1
2 85 -1
2 86 NULL
2 87 -1
2 88 ->
3 89 [1]
4 89 ->
5 90 3
5 91 -1
5 92 -1
5 93 -1
3 94 0
2 95 NULL
2 96 NULL
1 97 ->
2 3 14
2 4 1
2 5 ->
3 6 -1
3 7 1000
3 8 NULL
3 9 0
3 10 [3]
$0,0,0
3 11 0
3 12 -1
3 13 -1
3 14 ->
4 15 0
4 16 0
4 17 0
4 18 -1
4 19 -1
4 20 -1
4 21 0
4 22 0
4 23 0
4 24 [2]
$0,0
3 25 0
2 26 -1
2 27 no_name
2 28 1
2 29 ->
3 30 NULL
3 31 NULL
3 32 NULL
3 33 ->
4 34 200057
4 35 200057
2 36 NULL
2 37 ->
2 38 ->
3 39 [4][3]
$3FF,0,0
$0,3FF,0
$0,0,3FF
$406820D9DBA25EA2,40350FE83DA41B53,4074782182941C48
3 40 [1]
4 40 ->
5 41 192
5 42 0
5 43 -1
5 44 0
5 45 -1
5 46 -1
5 47 0
5 48 0
5 49 0
3 50 0
3 51 0
3 52 [1]
4 52 
5 53 19
5 54 0
5 55 [4][3]
$3FF,0,0
$0,3FF,0
$0,0,3FF
$406820D9DBA25EA2,40350FE83DA41B53,4074782182941C48
2 56 NULL
2 57 -1
2 58 -1
2 59 NULL
2 60 NULL
2 61 ->
3 62 123
3 63 
4 64 2
4 65 HEX_NUT_GRADEC_DINHEXAGON_NUT_I
4 66 NULL
3 67 1
3 68 -1
3 69 NULL
3 70 
4 71 
5 72 0
5 73 
4 74 
5 75 0
3 76 13
3 77 NULL
2 78 ->
3 79 0
3 80 0
3 81 [2][3]
$0,0,0
$0,0,0
3 82 0
3 83 NULL
3 84 -1
2 85 -1
2 86 NULL
2 87 -1
2 88 ->
3 89 [1]
4 89 ->
5 90 3
5 91 -1
5 92 -1
5 93 -1
3 94 0
2 95 NULL
2 96 NULL
1 97 ->
2 3 15
2 4 1
2 5 ->
3 6 -1
3 7 1000
3 8 NULL
3 9 0
3 10 [3]
$0,0,0
3 11 0
3 12 -1
3 13 -1
3 14 ->
4 15 0
4 16 0
4 17 0
4 18 -1
4 19 -1
4 20 -1
4 21 0
4 22 0
4 23 0
4 24 [2]
$0,0
3 25 0
2 26 -1
2 27 no_name
2 28 1
2 29 ->
3 30 NULL
3 31 NULL
3 32 NULL
3 33 ->
4 34 200057
4 35 200057
2 36 NULL
2 37 ->
2 38 ->
3 39 [4][3]
$3FED8F2E1142B3CC,3FD883DFFC9965F1,0
$3FD883DFFC9965EF,BFED8F2E1142B3CC,0
$0,0,BFF
$4042CF2826B55B43,405063FA0F6906D6,4070A4EE4F60E916
3 40 [1]
4 40 ->
5 41 192
5 42 0
5 43 -1
5 44 0
5 45 -1
5 46 -1
5 47 0
5 48 0
5 49 0
3 50 0
3 51 0
3 52 [1]
4 52 
5 53 19
5 54 0
5 55 [4][3]
$3FED8F2E1142B3CC,3FD883DFFC9965F1,0
$3FD883DFFC9965EF,BFED8F2E1142B3CC,0
$0,0,BFF
$4042CF2826B55B43,405063FA0F6906D6,4070A4EE4F60E916
2 56 NULL
2 57 -1
2 58 -1
2 59 NULL
2 60 NULL
2 61 ->
3 62 123
3 63 
4 64 2
4 65 HEX_NUT_GRADEC_DINHEXAGON_NUT_I
4 66 NULL
3 67 1
3 68 -1
3 69 NULL
3 70 
4 71 
5 72 0
5 73 
4 74 
5 75 0
3 76 14
3 77 NULL
2 78 ->
3 79 0
3 80 0
3 81 [2][3]
$0,0,0
$0,0,0
3 82 0
3 83 NULL
3 84 -1
2 85 -1
2 86 NULL
2 87 -1
2 88 ->
3 89 [1]
4 89 ->
5 90 3
5 91 -1
5 92 -1
5 93 -1
3 94 0
2 95 NULL
2 96 NULL
1 97 ->
2 3 16
2 4 1
2 5 ->
3 6 -1
3 7 1000
3 8 NULL
3 9 0
3 10 [3]
$0,0,0
3 11 0
3 12 -1
3 13 -1
3 14 ->
4 15 0
4 16 0
4 17 0
4 18 -1
4 19 -1
4 20 -1
4 21 0
4 22 0
4 23 0
4 24 [2]
$0,0
3 25 0
2 26 -1
2 27 no_name
2 28 1
2 29 ->
3 30 NULL
3 31 NULL
3 32 NULL
3 33 ->
4 34 200057
4 35 200057
2 36 NULL
2 37 ->
2 38 ->
3 39 [4][3]
$3FED8F2E1142B3CC,3FD883DFFC9965F1,0
$3FD883DFFC9965EF,BFED8F2E1142B3CC,0
$0,0,BFF
$3FF1E504D6AB68CE,405063FA0F6906D6,4070A4EE4F60E916
3 40 [1]
4 40 ->
5 41 192
5 42 0
5 43 -1
5 44 0
5 45 -1
5 46 -1
5 47 0
5 48 0
5 49 0
3 50 0
3 51 0
3 52 [1]
4 52 
5 53 19
5 54 0
5 55 [4][3]
$3FED8F2E1142B3CC,3FD883DFFC9965F1,0
$3FD883DFFC9965EF,BFED8F2E1142B3CC,0
$0,0,BFF
$3FF1E504D6AB68CE,405063FA0F6906D6,4070A4EE4F60E916
2 56 NULL
2 57 -1
2 58 -1
2 59 NULL
2 60 NULL
2 61 ->
3 62 123
3 63 
4 64 2
4 65 HEX_NUT_GRADEC_DINHEXAGON_NUT_I
4 66 NULL
3 67 1
3 68 -1
3 69 NULL
3 70 
4 71 
5 72 0
5 73 
4 74 
5 75 0
3 76 15
3 77 NULL
2 78 ->
3 79 0
3 80 0
3 81 [2][3]
$0,0,0
$0,0,0
3 82 0
3 83 NULL
3 84 -1
2 85 -1
2 86 NULL
2 87 -1
2 88 ->
3 89 [1]
4 89 ->
5 90 3
5 91 -1
5 92 -1
5 93 -1
3 94 0
2 95 NULL
2 96 NULL
1 97 ->
2 3 17
2 4 1
2 5 ->
3 6 -1
3 7 1000
3 8 NULL
3 9 0
3 10 [3]
$0,0,0
3 11 0
3 12 -1
3 13 -1
3 14 ->
4 15 0
4 16 0
4 17 0
4 18 -1
4 19 -1
4 20 -1
4 21 0
4 22 0
4 23 0
4 24 [2]
$0,0
3 25 0
2 26 -1
2 27 no_name
2 28 1
2 29 ->
3 30 NULL
3 31 NULL
3 32 NULL
3 33 ->
4 34 200057
4 35 200057
2 36 NULL
2 37 ->
2 38 ->
3 39 [4][3]
$3FF,0,0
$0,3FF,0
$0,0,3FF
$4042CF2826B55B43,405063FA0F6906D6,4074782182941C48
3 40 [1]
4 40 ->
5 41 192
5 42 0
5 43 -1
5 44 0
5 45 -1
5 46 -1
5 47 0
5 48 0
5 49 0
3 50 0
3 51 0
3 52 [1]
4 52 
5 53 19
5 54 0
5 55 [4][3]
$3FF,0,0
$0,3FF,0
$0,0,3FF
$4042CF2826B55B43,405063FA0F6906D6,4074782182941C48
2 56 NULL
2 57 -1
2 58 -1
2 59 NULL
2 60 NULL
2 61 ->
3 62 123
3 63 
4 64 2
4 65 HEX_NUT_GRADEC_DINHEXAGON_NUT_I
4 66 NULL
3 67 1
3 68 -1
3 69 NULL
3 70 
4 71 
5 72 0
5 73 
4 74 
5 75 0
3 76 16
3 77 NULL
2 78 ->
3 79 0
3 80 0
3 81 [2][3]
$0,0,0
$0,0,0
3 82 0
3 83 NULL
3 84 -1
2 85 -1
2 86 NULL
2 87 -1
2 88 ->
3 89 [1]
4 89 ->
5 90 3
5 91 -1
5 92 -1
5 93 -1
3 94 0
2 95 NULL
2 96 NULL
1 97 ->
2 3 18
2 4 1
2 5 ->
3 6 -1
3 7 1000
3 8 NULL
3 9 0
3 10 [3]
$0,0,0
3 11 0
3 12 -1
3 13 -1
3 14 ->
4 15 0
4 16 0
4 17 0
4 18 -1
4 19 -1
4 20 -1
4 21 0
4 22 0
4 23 0
4 24 [2]
$0,0
3 25 0
2 26 -1
2 27 no_name
2 28 1
2 29 ->
3 30 NULL
3 31 NULL
3 32 NULL
3 33 ->
4 34 200057
4 35 200057
2 36 NULL
2 37 ->
2 38 ->
3 39 [4][3]
$3FED8F2E1142B3CC,3FD883DFFC9965F1,0
$3FD883DFFC9965EF,BFED8F2E1142B3CC,0
$0,0,BFF
$406820D9DBA25EA4,40350FE83DA41B54,4070A4EE4F60E916
3 40 [1]
4 40 ->
5 41 192
5 42 0
5 43 -1
5 44 0
5 45 -1
5 46 -1
5 47 0
5 48 0
5 49 0
3 50 0
3 51 0
3 52 [1]
4 52 
5 53 19
5 54 0
5 55 [4][3]
$3FED8F2E1142B3CC,3FD883DFFC9965F1,0
$3FD883DFFC9965EF,BFED8F2E1142B3CC,0
$0,0,BFF
$406820D9DBA25EA4,40350FE83DA41B54,4070A4EE4F60E916
2 56 NULL
2 57 -1
2 58 -1
2 59 NULL
2 60 NULL
2 61 ->
3 62 123
3 63 
4 64 2
4 65 HEX_NUT_GRADEC_DINHEXAGON_NUT_I
4 66 NULL
3 67 1
3 68 -1
3 69 NULL
3 70 
4 71 
5 72 0
5 73 
4 74 
5 75 0
3 76 17
3 77 NULL
2 78 ->
3 79 0
3 80 0
3 81 [2][3]
$0,0,0
$0,0,0
3 82 0
3 83 NULL
3 84 -1
2 85 -1
2 86 NULL
2 87 -1
2 88 ->
3 89 [1]
4 89 ->
5 90 3
5 91 -1
5 92 -1
5 93 -1
3 94 0
2 95 NULL
2 96 NULL
1 97 ->
2 3 19
2 4 1
2 5 ->
3 6 -1
3 7 1000
3 8 NULL
3 9 0
3 10 [3]
$0,0,0
3 11 0
3 12 -1
3 13 -1
3 14 ->
4 15 0
4 16 0
4 17 0
4 18 -1
4 19 -1
4 20 -1
4 21 0
4 22 0
4 23 0
4 24 [2]
$0,0
3 25 0
2 26 -1
2 27 no_name
2 28 1
2 29 ->
3 30 NULL
3 31 NULL
3 32 NULL
3 33 ->
4 34 200057
4 35 200057
2 36 NULL
2 37 ->
2 38 ->
3 39 [4][3]
$3FF,0,0
$0,3FF,0
$0,0,3FF
$3FF1E504D6AB68CE,405063FA0F6906D6,4074782182941C48
3 40 [1]
4 40 ->
5 41 192
5 42 0
5 43 -1
5 44 0
5 45 -1
5 46 -1
5 47 0
5 48 0
5 49 0
3 50 0
3 51 0
3 52 [1]
4 52 
5 53 19
5 54 0
5 55 [4][3]
$3FF,0,0
$0,3FF,0
$0,0,3FF
$3FF1E504D6AB68CE,405063FA0F6906D6,4074782182941C48
2 56 NULL
2 57 -1
2 58 -1
2 59 NULL
2 60 NULL
2 61 ->
3 62 123
3 63 
4 64 2
4 65 HEX_NUT_GRADEC_DINHEXAGON_NUT_I
4 66 NULL
3 67 1
3 68 -1
3 69 NULL
3 70 
4 71 
5 72 0
5 73 
4 74 
5 75 0
3 76 18
3 77 NULL
2 78 ->
3 79 0
3 80 0
3 81 [2][3]
$0,0,0
$0,0,0
3 82 0
3 83 NULL
3 84 -1
2 85 -1
2 86 NULL
2 87 -1
2 88 ->
3 89 [1]
4 89 ->
5 90 3
5 91 -1
5 92 -1
5 93 -1
3 94 0
2 95 NULL
2 96 NULL
1 97 ->
2 3 20
2 4 1
2 5 ->
3 6 -1
3 7 1000
3 8 NULL
3 9 0
3 10 [3]
$0,0,0
3 11 0
3 12 -1
3 13 -1
3 14 ->
4 15 0
4 16 0
4 17 0
4 18 -1
4 19 -1
4 20 -1
4 21 0
4 22 0
4 23 0
4 24 [2]
$0,0
3 25 0
2 26 -1
2 27 no_name
2 28 1
2 29 ->
3 30 NULL
3 31 NULL
3 32 NULL
3 33 ->
4 34 200057
4 35 200057
2 36 NULL
2 37 ->
2 38 ->
3 39 [4][3]
$3FF,0,0
$0,3FF,0
$0,0,3FF
$406CB0D9DBA25EA1,40350FE83DA41B53,4074782182941C48
3 40 [1]
4 40 ->
5 41 192
5 42 0
5 43 -1
5 44 0
5 45 -1
5 46 -1
5 47 0
5 48 0
5 49 0
3 50 0
3 51 0
3 52 [1]
4 52 
5 53 19
5 54 0
5 55 [4][3]
$3FF,0,0
$0,3FF,0
$0,0,3FF
$406CB0D9DBA25EA1,40350FE83DA41B53,4074782182941C48
2 56 NULL
2 57 -1
2 58 -1
2 59 NULL
2 60 NULL
2 61 ->
3 62 123
3 63 
4 64 2
4 65 HEX_NUT_GRADEC_DINHEXAGON_NUT_I
4 66 NULL
3 67 1
3 68 -1
3 69 NULL
3 70 
4 71 
5 72 0
5 73 
4 74 
5 75 0
3 76 19
3 77 NULL
2 78 ->
3 79 0
3 80 0
3 81 [2][3]
$0,0,0
$0,0,0
3 82 0
3 83 NULL
3 84 -1
2 85 -1
2 86 NULL
2 87 -1
2 88 ->
3 89 [1]
4 89 ->
5 90 3
5 91 -1
5 92 -1
5 93 -1
3 94 0
2 95 NULL
2 96 NULL
1 97 ->
2 3 21
2 4 1
2 5 ->
3 6 -1
3 7 1000
3 8 NULL
3 9 0
3 10 [3]
$0,0,0
3 11 0
3 12 -1
3 13 -1
3 14 ->
4 15 0
4 16 0
4 17 0
4 18 -1
4 19 -1
4 20 -1
4 21 0
4 22 0
4 23 0
4 24 [2]
$0,0
3 25 0
2 26 -1
2 27 no_name
2 28 1
2 29 ->
3 30 NULL
3 31 NULL
3 32 NULL
3 33 ->
4 34 200057
4 35 200057
2 36 NULL
2 37 ->
2 38 ->
3 39 [4][3]
$3FED8F2E1142B3CC,3FD883DFFC9965F1,0
$3FD883DFFC9965EF,BFED8F2E1142B3CC,0
$0,0,BFF
$406CB0D9DBA25EA1,40350FE83DA41B53,4070A4EE4F60E916
3 40 [1]
4 40 ->
5 41 192
5 42 0
5 43 -1
5 44 0
5 45 -1
5 46 -1
5 47 0
5 48 0
5 49 0
3 50 0
3 51 0
3 52 [1]
4 52 
5 53 19
5 54 0
5 55 [4][3]
$3FED8F2E1142B3CC,3FD883DFFC9965F1,0
$3FD883DFFC9965EF,BFED8F2E1142B3CC,0
$0,0,BFF
$406CB0D9DBA25EA1,40350FE83DA41B53,4070A4EE4F60E916
2 56 NULL
2 57 -1
2 58 -1
2 59 NULL
2 60 NULL
2 61 ->
3 62 123
3 63 
4 64 2
4 65 HEX_NUT_GRADEC_DINHEXAGON_NUT_I
4 66 NULL
3 67 1
3 68 -1
3 69 NULL
3 70 
4 71 
5 72 0
5 73 
4 74 
5 75 0
3 76 20
3 77 NULL
2 78 ->
3 79 0
3 80 0
3 81 [2][3]
$0,0,0
$0,0,0
3 82 0
3 83 NULL
3 84 -1
2 85 -1
2 86 NULL
2 87 -1
2 88 ->
3 89 [1]
4 89 ->
5 90 3
5 91 -1
5 92 -1
5 93 -1
3 94 0
2 95 NULL
2 96 NULL
1 97 ->
2 3 22
2 4 1
2 5 ->
3 6 -1
3 7 1000
3 8 NULL
3 9 0
3 10 [3]
$0,0,0
3 11 0
3 12 -1
3 13 -1
3 14 ->
4 15 0
4 16 0
4 17 0
4 18 -1
4 19 -1
4 20 -1
4 21 0
4 22 0
4 23 0
4 24 [2]
$0,0
3 25 0
2 26 -1
2 27 no_name
2 28 1
2 29 ->
3 30 NULL
3 31 NULL
3 32 NULL
3 33 ->
4 34 200057
4 35 200057
2 36 NULL
2 37 ->
2 38 ->
3 39 [4][3]
$0,BFE19FB796627F54,3FEAB5A2EF89FC32
$0,3FEAB5A2EF89FC32,3FE19FB796627F54
$BFF,0,0
$406820D9DBA25EA2,40350FE83DA41B59,4071BA2182941C4A
3 40 [1]
4 40 ->
5 41 192
5 42 0
5 43 -1
5 44 0
5 45 -1
5 46 -1
5 47 0
5 48 0
5 49 0
3 50 0
3 51 0
3 52 [1]
4 52 
5 53 19
5 54 0
5 55 [4][3]
$0,BFE19FB796627F54,3FEAB5A2EF89FC32
$0,3FEAB5A2EF89FC32,3FE19FB796627F54
$BFF,0,0
$406820D9DBA25EA2,40350FE83DA41B59,4071BA2182941C4A
2 56 NULL
2 57 -1
2 58 -1
2 59 NULL
2 60 NULL
2 61 ->
3 62 123
3 63 
4 64 2
4 65 HEX_SCREW_GRADEC_DINISO_4018_-_
4 66 NULL
3 67 1
3 68 -1
3 69 NULL
3 70 
4 71 
5 72 0
5 73 
4 74 
5 75 0
3 76 21
3 77 NULL
2 78 ->
3 79 0
3 80 0
3 81 [2][3]
$0,0,0
$0,0,0
3 82 0
3 83 NULL
3 84 -1
2 85 -1
2 86 NULL
2 87 -1
2 88 ->
3 89 [1]
4 89 ->
5 90 3
5 91 -1
5 92 -1
5 93 -1
3 94 0
2 95 NULL
2 96 NULL
1 97 ->
2 3 23
2 4 1
2 5 ->
3 6 -1
3 7 1000
3 8 NULL
3 9 0
3 10 [3]
$0,0,0
3 11 0
3 12 -1
3 13 -1
3 14 ->
4 15 0
4 16 0
4 17 0
4 18 -1
4 19 -1
4 20 -1
4 21 0
4 22 0
4 23 0
4 24 [2]
$0,0
3 25 0
2 26 -1
2 27 no_name
2 28 1
2 29 ->
3 30 NULL
3 31 NULL
3 32 NULL
3 33 ->
4 34 200057
4 35 200057
2 36 NULL
2 37 ->
2 38 ->
3 39 [4][3]
$0,0,3FF
$0,3FF,0
$BFF,0,0
$406CB0D9DBA25EA1,40350FE83DA41B55,4071BA2182941C4A
3 40 [1]
4 40 ->
5 41 192
5 42 0
5 43 -1
5 44 0
5 45 -1
5 46 -1
5 47 0
5 48 0
5 49 0
3 50 0
3 51 0
3 52 [1]
4 52 
5 53 19
5 54 0
5 55 [4][3]
$0,0,3FF
$0,3FF,0
$BFF,0,0
$406CB0D9DBA25EA1,40350FE83DA41B55,4071BA2182941C4A
2 56 NULL
2 57 -1
2 58 -1
2 59 NULL
2 60 NULL
2 61 ->
3 62 123
3 63 
4 64 2
4 65 HEX_SCREW_GRADEC_DINISO_4018_-_
4 66 NULL
3 67 1
3 68 -1
3 69 NULL
3 70 
4 71 
5 72 0
5 73 
4 74 
5 75 0
3 76 22
3 77 NULL
2 78 ->
3 79 0
3 80 0
3 81 [2][3]
$0,0,0
$0,0,0
3 82 0
3 83 NULL
3 84 -1
2 85 -1
2 86 NULL
2 87 -1
2 88 ->
3 89 [1]
4 89 ->
5 90 3
5 91 -1
5 92 -1
5 93 -1
3 94 0
2 95 NULL
2 96 NULL
1 97 ->
2 3 24
2 4 1
2 5 ->
3 6 -1
3 7 1000
3 8 NULL
3 9 0
3 10 [3]
$0,0,0
3 11 0
3 12 -1
3 13 -1
3 14 ->
4 15 0
4 16 0
4 17 0
4 18 -1
4 19 -1
4 20 -1
4 21 0
4 22 0
4 23 0
4 24 [2]
$0,0
3 25 0
2 26 -1
2 27 no_name
2 28 1
2 29 ->
3 30 NULL
3 31 NULL
3 32 NULL
3 33 ->
4 34 200057
4 35 200057
2 36 NULL
2 37 ->
2 38 ->
3 39 [4][3]
$0,0,3FF
$0,3FF,0
$BFF,0,0
$3FF1E504D6AB689,405063FA0F6906D9,4071BA2182941C4A
3 40 [1]
4 40 ->
5 41 192
5 42 0
5 43 -1
5 44 0
5 45 -1
5 46 -1
5 47 0
5 48 0
5 49 0
3 50 0
3 51 0
3 52 [1]
4 52 
5 53 19
5 54 0
5 55 [4][3]
$0,0,3FF
$0,3FF,0
$BFF,0,0
$3FF1E504D6AB689,405063FA0F6906D9,4071BA2182941C4A
2 56 NULL
2 57 -1
2 58 -1
2 59 NULL
2 60 NULL
2 61 ->
3 62 123
3 63 
4 64 2
4 65 HEX_SCREW_GRADEC_DINISO_4018_-_
4 66 NULL
3 67 1
3 68 -1
3 69 NULL
3 70 
4 71 
5 72 0
5 73 
4 74 
5 75 0
3 76 23
3 77 NULL
2 78 ->
3 79 0
3 80 0
3 81 [2][3]
$0,0,0
$0,0,0
3 82 0
3 83 NULL
3 84 -1
2 85 -1
2 86 NULL
2 87 -1
2 88 ->
3 89 [1]
4 89 ->
5 90 3
5 91 -1
5 92 -1
5 93 -1
3 94 0
2 95 NULL
2 96 NULL
1 97 ->
2 3 25
2 4 1
2 5 ->
3 6 -1
3 7 1000
3 8 NULL
3 9 0
3 10 [3]
$0,0,0
3 11 0
3 12 -1
3 13 -1
3 14 ->
4 15 0
4 16 0
4 17 0
4 18 -1
4 19 -1
4 20 -1
4 21 0
4 22 0
4 23 0
4 24 [2]
$0,0
3 25 0
2 26 -1
2 27 no_name
2 28 1
2 29 ->
3 30 NULL
3 31 NULL
3 32 NULL
3 33 ->
4 34 200057
4 35 200057
2 36 NULL
2 37 ->
2 38 ->
3 39 [4][3]
$3FE6909CB44D581E,3FE6B094CDF5D61,0
$3FE6B094CDF5D61,BFE6909CB44D581E,0
$0,0,BFF
$406820D9DBA25EA4,405063FA0F6906D7,4070A4EE4F60E916
3 40 [1]
4 40 ->
5 41 192
5 42 0
5 43 -1
5 44 0
5 45 -1
5 46 -1
5 47 0
5 48 0
5 49 0
3 50 0
3 51 0
3 52 [1]
4 52 
5 53 19
5 54 0
5 55 [4][3]
$3FE6909CB44D581E,3FE6B094CDF5D61,0
$3FE6B094CDF5D61,BFE6909CB44D581E,0
$0,0,BFF
$406820D9DBA25EA4,405063FA0F6906D7,4070A4EE4F60E916
2 56 NULL
2 57 -1
2 58 -1
2 59 NULL
2 60 NULL
2 61 ->
3 62 123
3 63 
4 64 2
4 65 HEX_NUT_GRADEC_DINHEXAGON_NUT_I
4 66 NULL
3 67 1
3 68 -1
3 69 NULL
3 70 
4 71 
5 72 0
5 73 
4 74 
5 75 0
3 76 24
3 77 NULL
2 78 ->
3 79 0
3 80 0
3 81 [2][3]
$0,0,0
$0,0,0
3 82 0
3 83 NULL
3 84 -1
2 85 -1
2 86 NULL
2 87 -1
2 88 ->
3 89 [1]
4 89 ->
5 90 3
5 91 -1
5 92 -1
5 93 -1
3 94 0
2 95 NULL
2 96 NULL
1 97 ->
2 3 26
2 4 1
2 5 ->
3 6 -1
3 7 1000
3 8 NULL
3 9 0
3 10 [3]
$0,0,0
3 11 0
3 12 -1
3 13 -1
3 14 ->
4 15 0
4 16 0
4 17 0
4 18 -1
4 19 -1
4 20 -1
4 21 0
4 22 0
4 23 0
4 24 [2]
$0,0
3 25 0
2 26 -1
2 27 no_name
2 28 1
2 29 ->
3 30 NULL
3 31 NULL
3 32 NULL
3 33 ->
4 34 200057
4 35 200057
2 36 NULL
2 37 ->
2 38 ->
3 39 [4][3]
$0,3FEBEA905D1CBFE9,3FDF48DDFB688A2F
$0,3FDF48DDFB688A2F,BFEBEA905D1CBFE9
$BFF,0,0
$406820D9DBA25EA4,405063FA0F6906D7,4071BA2182941C4A
3 40 [1]
4 40 ->
5 41 192
5 42 0
5 43 -1
5 44 0
5 45 -1
5 46 -1
5 47 0
5 48 0
5 49 0
3 50 0
3 51 0
3 52 [1]
4 52 
5 53 19
5 54 0
5 55 [4][3]
$0,3FEBEA905D1CBFE9,3FDF48DDFB688A2F
$0,3FDF48DDFB688A2F,BFEBEA905D1CBFE9
$BFF,0,0
$406820D9DBA25EA4,405063FA0F6906D7,4071BA2182941C4A
2 56 NULL
2 57 -1
2 58 -1
2 59 NULL
2 60 NULL
2 61 ->
3 62 123
3 63 
4 64 2
4 65 HEX_SCREW_GRADEC_DINISO_4018_-_
4 66 NULL
3 67 1
3 68 -1
3 69 NULL
3 70 
4 71 
5 72 0
5 73 
4 74 
5 75 0
3 76 25
3 77 NULL
2 78 ->
3 79 0
3 80 0
3 81 [2][3]
$0,0,0
$0,0,0
3 82 0
3 83 NULL
3 84 -1
2 85 -1
2 86 NULL
2 87 -1
2 88 ->
3 89 [1]
4 89 ->
5 90 3
5 91 -1
5 92 -1
5 93 -1
3 94 0
2 95 NULL
2 96 NULL
1 97 ->
2 3 27
2 4 1
2 5 ->
3 6 -1
3 7 1000
3 8 NULL
3 9 0
3 10 [3]
$0,0,0
3 11 0
3 12 -1
3 13 -1
3 14 ->
4 15 0
4 16 0
4 17 0
4 18 -1
4 19 -1
4 20 -1
4 21 0
4 22 0
4 23 0
4 24 [2]
$0,0
3 25 0
2 26 -1
2 27 no_name
2 28 1
2 29 ->
3 30 NULL
3 31 NULL
3 32 NULL
3 33 ->
4 34 200057
4 35 200057
2 36 NULL
2 37 ->
2 38 ->
3 39 [4][3]
$0,0,3FF
$0,3FF,0
$BFF,0,0
$406CB0D9DBA25EA1,405063FA0F6906D5,4071BA2182941C4A
3 40 [1]
4 40 ->
5 41 192
5 42 0
5 43 -1
5 44 0
5 45 -1
5 46 -1
5 47 0
5 48 0
5 49 0
3 50 0
3 51 0
3 52 [1]
4 52 
5 53 19
5 54 0
5 55 [4][3]
$0,0,3FF
$0,3FF,0
$BFF,0,0
$406CB0D9DBA25EA1,405063FA0F6906D5,4071BA2182941C4A
2 56 NULL
2 57 -1
2 58 -1
2 59 NULL
2 60 NULL
2 61 ->
3 62 123
3 63 
4 64 2
4 65 HEX_SCREW_GRADEC_DINISO_4018_-_
4 66 NULL
3 67 1
3 68 -1
3 69 NULL
3 70 
4 71 
5 72 0
5 73 
4 74 
5 75 0
3 76 26
3 77 NULL
2 78 ->
3 79 0
3 80 0
3 81 [2][3]
$0,0,0
$0,0,0
3 82 0
3 83 NULL
3 84 -1
2 85 -1
2 86 NULL
2 87 -1
2 88 ->
3 89 [1]
4 89 ->
5 90 3
5 91 -1
5 92 -1
5 93 -1
3 94 0
2 95 NULL
2 96 NULL
1 97 ->
2 3 28
2 4 1
2 5 ->
3 6 -1
3 7 1000
3 8 NULL
3 9 0
3 10 [3]
$0,0,0
3 11 0
3 12 -1
3 13 -1
3 14 ->
4 15 0
4 16 0
4 17 0
4 18 -1
4 19 -1
4 20 -1
4 21 0
4 22 0
4 23 0
4 24 [2]
$0,0
3 25 0
2 26 -1
2 27 no_name
2 28 1
2 29 ->
3 30 NULL
3 31 NULL
3 32 NULL
3 33 ->
4 34 200057
4 35 200057
2 36 NULL
2 37 ->
2 38 ->
3 39 [4][3]
$BFF,BCB,3CB08ACC97D8FDD7
$BCA8,3FF0000000000002,BC90BED7932474C6
$BCB08ACC97D8FDD7,BC90BED7932474CD,BFF
$406A68D9DBA25EA,405063FA0F6906D7,40740687E8FA82B1
3 40 [1]
4 40 ->
5 41 192
5 42 0
5 43 -1
5 44 0
5 45 -1
5 46 -1
5 47 0
5 48 0
5 49 0
3 50 0
3 51 0
3 52 [1]
4 52 
5 53 19
5 54 0
5 55 [4][3]
$BFF,BCB,3CB08ACC97D8FDD7
$BCA8,3FF0000000000002,BC90BED7932474C6
$BCB08ACC97D8FDD7,BC90BED7932474CD,BFF
$406A68D9DBA25EA,405063FA0F6906D7,40740687E8FA82B1
2 56 NULL
2 57 -1
2 58 -1
2 59 NULL
2 60 NULL
2 61 ->
3 62 123
3 63 
4 64 2
4 65 MC_00_00
4 66 NULL
3 67 1
3 68 -1
3 69 NULL
3 70 
4 71 
5 72 0
5 73 
4 74 
5 75 0
3 76 27
3 77 NULL
2 78 ->
3 79 0
3 80 0
3 81 [2][3]
$0,0,0
$0,0,0
3 82 0
3 83 NULL
3 84 -1
2 85 -1
2 86 NULL
2 87 -1
2 88 ->
3 89 [1]
4 89 ->
5 90 3
5 91 -1
5 92 -1
5 93 -1
3 94 0
2 95 NULL
2 96 NULL
1 97 ->
2 3 29
2 4 1
2 5 ->
3 6 -1
3 7 1000
3 8 NULL
3 9 0
3 10 [3]
$0,0,0
3 11 0
3 12 -1
3 13 -1
3 14 ->
4 15 0
4 16 0
4 17 0
4 18 -1
4 19 -1
4 20 -1
4 21 0
4 22 0
4 23 0
4 24 [2]
$0,0
3 25 0
2 26 -1
2 27 no_name
2 28 1
2 29 ->
3 30 NULL
3 31 NULL
3 32 NULL
3 33 ->
4 34 200057
4 35 200057
2 36 NULL
2 37 ->
2 38 ->
3 39 [4][3]
$0,0,BFF
$0,3FF,0
$3FF,0,0
$3FF1E504D6AB689,405063FA0F6906D6,407362EE4F60E914
3 40 [1]
4 40 ->
5 41 192
5 42 0
5 43 -1
5 44 0
5 45 -1
5 46 -1
5 47 0
5 48 0
5 49 0
3 50 0
3 51 0
3 52 [1]
4 52 
5 53 19
5 54 0
5 55 [4][3]
$0,0,BFF
$0,3FF,0
$3FF,0,0
$3FF1E504D6AB689,405063FA0F6906D6,407362EE4F60E914
2 56 NULL
2 57 -1
2 58 -1
2 59 NULL
2 60 NULL
2 61 ->
3 62 123
3 63 
4 64 2
4 65 HEX_SCREW_GRADEC_DINISO_4018_-_
4 66 NULL
3 67 1
3 68 -1
3 69 NULL
3 70 
4 71 
5 72 0
5 73 
4 74 
5 75 0
3 76 28
3 77 NULL
2 78 ->
3 79 0
3 80 0
3 81 [2][3]
$0,0,0
$0,0,0
3 82 0
3 83 NULL
3 84 -1
2 85 -1
2 86 NULL
2 87 -1
2 88 ->
3 89 [1]
4 89 ->
5 90 3
5 91 -1
5 92 -1
5 93 -1
3 94 0
2 95 NULL
2 96 NULL
1 97 ->
2 3 30
2 4 1
2 5 ->
3 6 -1
3 7 1000
3 8 NULL
3 9 0
3 10 [3]
$0,0,0
3 11 0
3 12 -1
3 13 -1
3 14 ->
4 15 0
4 16 0
4 17 0
4 18 -1
4 19 -1
4 20 -1
4 21 0
4 22 0
4 23 0
4 24 [2]
$0,0
3 25 0
2 26 -1
2 27 no_name
2 28 1
2 29 ->
3 30 NULL
3 31 NULL
3 32 NULL
3 33 ->
4 34 200057
4 35 200057
2 36 NULL
2 37 ->
2 38 ->
3 39 [4][3]
$3FED8F2E1142B3CC,3FD883DFFC9965F1,0
$3FD883DFFC9965EF,BFED8F2E1142B3CC,0
$0,0,BFF
$406CB0D9DBA25EA1,405063FA0F6906D6,4070A4EE4F60E916
3 40 [1]
4 40 ->
5 41 192
5 42 0
5 43 -1
5 44 0
5 45 -1
5 46 -1
5 47 0
5 48 0
5 49 0
3 50 0
3 51 0
3 52 [1]
4 52 
5 53 19
5 54 0
5 55 [4][3]
$3FED8F2E1142B3CC,3FD883DFFC9965F1,0
$3FD883DFFC9965EF,BFED8F2E1142B3CC,0
$0,0,BFF
$406CB0D9DBA25EA1,405063FA0F6906D6,4070A4EE4F60E916
2 56 NULL
2 57 -1
2 58 -1
2 59 NULL
2 60 NULL
2 61 ->
3 62 123
3 63 
4 64 2
4 65 HEX_NUT_GRADEC_DINHEXAGON_NUT_I
4 66 NULL
3 67 1
3 68 -1
3 69 NULL
3 70 
4 71 
5 72 0
5 73 
4 74 
5 75 0
3 76 29
3 77 NULL
2 78 ->
3 79 0
3 80 0
3 81 [2][3]
$0,0,0
$0,0,0
3 82 0
3 83 NULL
3 84 -1
2 85 -1
2 86 NULL
2 87 -1
2 88 ->
3 89 [1]
4 89 ->
5 90 3
5 91 -1
5 92 -1
5 93 -1
3 94 0
2 95 NULL
2 96 NULL
1 97 ->
2 3 31
2 4 1
2 5 ->
3 6 -1
3 7 1000
3 8 NULL
3 9 0
3 10 [3]
$0,0,0
3 11 0
3 12 -1
3 13 -1
3 14 ->
4 15 0
4 16 0
4 17 0
4 18 -1
4 19 -1
4 20 -1
4 21 0
4 22 0
4 23 0
4 24 [2]
$0,0
3 25 0
2 26 -1
2 27 no_name
2 28 1
2 29 ->
3 30 NULL
3 31 NULL
3 32 NULL
3 33 ->
4 34 200057
4 35 200057
2 36 NULL
2 37 ->
2 38 ->
3 39 [4][3]
$3FF,0,0
$0,3FF,0
$0,0,3FF
$406CB0D9DBA25EA1,405063FA0F6906D6,4074782182941C48
3 40 [1]
4 40 ->
5 41 192
5 42 0
5 43 -1
5 44 0
5 45 -1
5 46 -1
5 47 0
5 48 0
5 49 0
3 50 0
3 51 0
3 52 [1]
4 52 
5 53 19
5 54 0
5 55 [4][3]
$3FF,0,0
$0,3FF,0
$0,0,3FF
$406CB0D9DBA25EA1,405063FA0F6906D6,4074782182941C48
2 56 NULL
2 57 -1
2 58 -1
2 59 NULL
2 60 NULL
2 61 ->
3 62 123
3 63 
4 64 2
4 65 HEX_NUT_GRADEC_DINHEXAGON_NUT_I
4 66 NULL
3 67 1
3 68 -1
3 69 NULL
3 70 
4 71 
5 72 0
5 73 
4 74 
5 75 0
3 76 30
3 77 NULL
2 78 ->
3 79 0
3 80 0
3 81 [2][3]
$0,0,0
$0,0,0
3 82 0
3 83 NULL
3 84 -1
2 85 -1
2 86 NULL
2 87 -1
2 88 ->
3 89 [1]
4 89 ->
5 90 3
5 91 -1
5 92 -1
5 93 -1
3 94 0
2 95 NULL
2 96 NULL
1 97 ->
2 3 32
2 4 1
2 5 ->
3 6 -1
3 7 1000
3 8 NULL
3 9 0
3 10 [3]
$0,0,0
3 11 0
3 12 -1
3 13 -1
3 14 ->
4 15 0
4 16 0
4 17 0
4 18 -1
4 19 -1
4 20 -1
4 21 0
4 22 0
4 23 0
4 24 [2]
$0,0
3 25 0
2 26 -1
2 27 no_name
2 28 1
2 29 ->
3 30 NULL
3 31 NULL
3 32 NULL
3 33 ->
4 34 200057
4 35 200057
2 36 NULL
2 37 ->
2 38 ->
3 39 [4][3]
$0,0,3FF
$0,3FF,0
$BFF,0,0
$4042CF2826B55B43,405063FA0F6906D6,4071BA2182941C4A
3 40 [1]
4 40 ->
5 41 192
5 42 0
5 43 -1
5 44 0
5 45 -1
5 46 -1
5 47 0
5 48 0
5 49 0
3 50 0
3 51 0
3 52 [1]
4 52 
5 53 19
5 54 0
5 55 [4][3]
$0,0,3FF
$0,3FF,0
$BFF,0,0
$4042CF2826B55B43,405063FA0F6906D6,4071BA2182941C4A
2 56 NULL
2 57 -1
2 58 -1
2 59 NULL
2 60 NULL
2 61 ->
3 62 123
3 63 
4 64 2
4 65 HEX_SCREW_GRADEC_DINISO_4018_-_
4 66 NULL
3 67 1
3 68 -1
3 69 NULL
3 70 
4 71 
5 72 0
5 73 
4 74 
5 75 0
3 76 31
3 77 NULL
2 78 ->
3 79 0
3 80 0
3 81 [2][3]
$0,0,0
$0,0,0
3 82 0
3 83 NULL
3 84 -1
2 85 -1
2 86 NULL
2 87 -1
2 88 ->
3 89 [1]
4 89 ->
5 90 3
5 91 -1
5 92 -1
5 93 -1
3 94 0
2 95 NULL
2 96 NULL
1 97 ->
2 3 33
2 4 1
2 5 ->
3 6 -1
3 7 1000
3 8 NULL
3 9 0
3 10 [3]
$0,0,0
3 11 0
3 12 -1
3 13 -1
3 14 ->
4 15 0
4 16 0
4 17 0
4 18 -1
4 19 -1
4 20 -1
4 21 0
4 22 0
4 23 0
4 24 [2]
$0,0
3 25 0
2 26 -1
2 27 no_name
2 28 1
2 29 ->
3 30 NULL
3 31 NULL
3 32 NULL
3 33 ->
4 34 200057
4 35 200057
2 36 NULL
2 37 ->
2 38 ->
3 39 [4][3]
$BCA4AF44FD216E16,3CB8F0CEDE9047AB,BFF
$BCB8F0CEDE9047AC,3FF,3CB8F0CEDE9047AD
$3FF,3CB8F0CEDE9047AE,BCA4AF44FD216E11
$406820D9DBA25EA2,40350FE83DA41B4E,407362EE4F60E914
3 40 [1]
4 40 ->
5 41 192
5 42 0
5 43 -1
5 44 0
5 45 -1
5 46 -1
5 47 0
5 48 0
5 49 0
3 50 0
3 51 0
3 52 [1]
4 52 
5 53 19
5 54 0
5 55 [4][3]
$BCA4AF44FD216E16,3CB8F0CEDE9047AB,BFF
$BCB8F0CEDE9047AC,3FF,3CB8F0CEDE9047AD
$3FF,3CB8F0CEDE9047AE,BCA4AF44FD216E11
$406820D9DBA25EA2,40350FE83DA41B4E,407362EE4F60E914
2 56 NULL
2 57 -1
2 58 -1
2 59 NULL
2 60 NULL
2 61 ->
3 62 123
3 63 
4 64 2
4 65 HEX_SCREW_GRADEC_DINISO_4018_-_
4 66 NULL
3 67 1
3 68 -1
3 69 NULL
3 70 
4 71 
5 72 0
5 73 
4 74 
5 75 0
3 76 32
3 77 NULL
2 78 ->
3 79 0
3 80 0
3 81 [2][3]
$0,0,0
$0,0,0
3 82 0
3 83 NULL
3 84 -1
2 85 -1
2 86 NULL
2 87 -1
2 88 ->
3 89 [1]
4 89 ->
5 90 3
5 91 -1
5 92 -1
5 93 -1
3 94 0
2 95 NULL
2 96 NULL
1 97 ->
2 3 34
2 4 1
2 5 ->
3 6 -1
3 7 1000
3 8 NULL
3 9 0
3 10 [3]
$0,0,0
3 11 0
3 12 -1
3 13 -1
3 14 ->
4 15 0
4 16 0
4 17 0
4 18 -1
4 19 -1
4 20 -1
4 21 0
4 22 0
4 23 0
4 24 [2]
$0,0
3 25 0
2 26 -1
2 27 no_name
2 28 1
2 29 ->
3 30 NULL
3 31 NULL
3 32 NULL
3 33 ->
4 34 200057
4 35 200057
2 36 NULL
2 37 ->
2 38 ->
3 39 [4][3]
$3FF,BCBC,0
$BCC2,BFF0000000000001,0
$0,0,BFF
$406A68D9DBA25EA2,405063FA0F6906D6,40717C2182941C45
3 40 [1]
4 40 ->
5 41 192
5 42 0
5 43 -1
5 44 0
5 45 -1
5 46 -1
5 47 0
5 48 0
5 49 0
3 50 0
3 51 0
3 52 [1]
4 52 
5 53 19
5 54 0
5 55 [4][3]
$3FF,BCBC,0
$BCC2,BFF0000000000001,0
$0,0,BFF
$406A68D9DBA25EA2,405063FA0F6906D6,40717C2182941C45
2 56 NULL
2 57 -1
2 58 -1
2 59 NULL
2 60 NULL
2 61 ->
3 62 123
3 63 
4 64 2
4 65 MC_00_00
4 66 NULL
3 67 1
3 68 -1
3 69 NULL
3 70 
4 71 
5 72 0
5 73 
4 74 
5 75 0
3 76 33
3 77 NULL
2 78 ->
3 79 0
3 80 0
3 81 [2][3]
$0,0,0
$0,0,0
3 82 0
3 83 NULL
3 84 -1
2 85 -1
2 86 NULL
2 87 -1
2 88 ->
3 89 [1]
4 89 ->
5 90 3
5 91 -1
5 92 -1
5 93 -1
3 94 0
2 95 NULL
2 96 NULL
1 97 ->
2 3 35
2 4 1
2 5 ->
3 6 -1
3 7 1000
3 8 NULL
3 9 0
3 10 [3]
$0,0,0
3 11 0
3 12 -1
3 13 -1
3 14 ->
4 15 0
4 16 0
4 17 0
4 18 -1
4 19 -1
4 20 -1
4 21 0
4 22 0
4 23 0
4 24 [2]
$0,0
3 25 0
2 26 -1
2 27 no_name
2 28 1
2 29 ->
3 30 NULL
3 31 NULL
3 32 NULL
3 33 ->
4 34 200057
4 35 200057
2 36 NULL
2 37 ->
2 38 ->
3 39 [4][3]
$BCA4AF44FD216E16,3CB8F0CEDE9047AB,BFF
$BCB8F0CEDE9047AC,3FF,3CB8F0CEDE9047AD
$3FF,3CB8F0CEDE9047AE,BCA4AF44FD216E11
$406CB0D9DBA25EA1,40350FE83DA41B54,407362EE4F60E914
3 40 [1]
4 40 ->
5 41 192
5 42 0
5 43 -1
5 44 0
5 45 -1
5 46 -1
5 47 0
5 48 0
5 49 0
3 50 0
3 51 0
3 52 [1]
4 52 
5 53 19
5 54 0
5 55 [4][3]
$BCA4AF44FD216E16,3CB8F0CEDE9047AB,BFF
$BCB8F0CEDE9047AC,3FF,3CB8F0CEDE9047AD
$3FF,3CB8F0CEDE9047AE,BCA4AF44FD216E11
$406CB0D9DBA25EA1,40350FE83DA41B54,407362EE4F60E914
2 56 NULL
2 57 -1
2 58 -1
2 59 NULL
2 60 NULL
2 61 ->
3 62 123
3 63 
4 64 2
4 65 HEX_SCREW_GRADEC_DINISO_4018_-_
4 66 NULL
3 67 1
3 68 -1
3 69 NULL
3 70 
4 71 
5 72 0
5 73 
4 74 
5 75 0
3 76 34
3 77 NULL
2 78 ->
3 79 0
3 80 0
3 81 [2][3]
$0,0,0
$0,0,0
3 82 0
3 83 NULL
3 84 -1
2 85 -1
2 86 NULL
2 87 -1
2 88 ->
3 89 [1]
4 89 ->
5 90 3
5 91 -1
5 92 -1
5 93 -1
3 94 0
2 95 NULL
2 96 NULL
1 97 ->
2 3 36
2 4 1
2 5 ->
3 6 -1
3 7 1000
3 8 NULL
3 9 0
3 10 [3]
$0,0,0
3 11 0
3 12 -1
3 13 -1
3 14 ->
4 15 0
4 16 0
4 17 0
4 18 -1
4 19 -1
4 20 -1
4 21 0
4 22 0
4 23 0
4 24 [2]
$0,0
3 25 0
2 26 -1
2 27 no_name
2 28 1
2 29 ->
3 30 NULL
3 31 NULL
3 32 NULL
3 33 ->
4 34 200057
4 35 200057
2 36 NULL
2 37 ->
2 38 ->
3 39 [4][3]
$0,0,BFF
$0,3FF,0
$3FF,0,0
$4042CF2826B55B43,405063FA0F6906D6,407362EE4F60E914
3 40 [1]
4 40 ->
5 41 192
5 42 0
5 43 -1
5 44 0
5 45 -1
5 46 -1
5 47 0
5 48 0
5 49 0
3 50 0
3 51 0
3 52 [1]
4 52 
5 53 19
5 54 0
5 55 [4][3]
$0,0,BFF
$0,3FF,0
$3FF,0,0
$4042CF2826B55B43,405063FA0F6906D6,407362EE4F60E914
2 56 NULL
2 57 -1
2 58 -1
2 59 NULL
2 60 NULL
2 61 ->
3 62 123
3 63 
4 64 2
4 65 HEX_SCREW_GRADEC_DINISO_4018_-_
4 66 NULL
3 67 1
3 68 -1
3 69 NULL
3 70 
4 71 
5 72 0
5 73 
4 74 
5 75 0
3 76 35
3 77 NULL
2 78 ->
3 79 0
3 80 0
3 81 [2][3]
$0,0,0
$0,0,0
3 82 0
3 83 NULL
3 84 -1
2 85 -1
2 86 NULL
2 87 -1
2 88 ->
3 89 [1]
4 89 ->
5 90 3
5 91 -1
5 92 -1
5 93 -1
3 94 0
2 95 NULL
2 96 NULL
1 97 ->
2 3 37
2 4 1
2 5 ->
3 6 -1
3 7 1000
3 8 NULL
3 9 0
3 10 [3]
$0,0,0
3 11 0
3 12 -1
3 13 -1
3 14 ->
4 15 0
4 16 0
4 17 0
4 18 -1
4 19 -1
4 20 -1
4 21 0
4 22 0
4 23 0
4 24 [2]
$0,0
3 25 0
2 26 -1
2 27 no_name
2 28 1
2 29 ->
3 30 NULL
3 31 NULL
3 32 NULL
3 33 ->
4 34 200057
4 35 200057
2 36 NULL
2 37 ->
2 38 ->
3 39 [4][3]
$0,3FD2A23EC1A5695,3FEE9D18425F65BF
$0,3FEE9D18425F65BF,BFD2A23EC1A5695
$BFF,0,0
$406A68D9DBA25EA2,405063FA0F6906D6,40714E87E8FA82B3
3 40 [1]
4 40 ->
5 41 192
5 42 0
5 43 -1
5 44 0
5 45 -1
5 46 -1
5 47 0
5 48 0
5 49 0
3 50 0
3 51 0
3 52 [1]
4 52 
5 53 19
5 54 0
5 55 [4][3]
$0,3FD2A23EC1A5695,3FEE9D18425F65BF
$0,3FEE9D18425F65BF,BFD2A23EC1A5695
$BFF,0,0
$406A68D9DBA25EA2,405063FA0F6906D6,40714E87E8FA82B3
2 56 NULL
2 57 -1
2 58 -1
2 59 NULL
2 60 NULL
2 61 ->
3 62 123
3 63 
4 64 2
4 65 RADIAL_BALL_BEARING_68_DINDIN_6
4 66 NULL
3 67 1
3 68 -1
3 69 NULL
3 70 
4 71 
5 72 0
5 73 
4 74 
5 75 0
3 76 36
3 77 NULL
2 78 ->
3 79 0
3 80 0
3 81 [2][3]
$0,0,0
$0,0,0
3 82 0
3 83 NULL
3 84 -1
2 85 -1
2 86 NULL
2 87 -1
2 88 ->
3 89 [1]
4 89 ->
5 90 3
5 91 -1
5 92 -1
5 93 -1
3 94 0
2 95 NULL
2 96 NULL
1 97 ->
2 3 38
2 4 1
2 5 ->
3 6 -1
3 7 1000
3 8 NULL
3 9 0
3 10 [3]
$0,0,0
3 11 0
3 12 -1
3 13 -1
3 14 ->
4 15 0
4 16 0
4 17 0
4 18 -1
4 19 -1
4 20 -1
4 21 0
4 22 0
4 23 0
4 24 [2]
$0,0
3 25 0
2 26 -1
2 27 no_name
2 28 1
2 29 ->
3 30 NULL
3 31 NULL
3 32 NULL
3 33 ->
4 34 200057
4 35 200057
2 36 NULL
2 37 ->
2 38 ->
3 39 [4][3]
$0,3FD2A23EC1A5695,3FEE9D18425F65BF
$0,3FEE9D18425F65BF,BFD2A23EC1A5695
$BFF,0,0
$406A68D9DBA25EA3,405063FA0F6906D7,4073CE87E8FA82B4
3 40 [1]
4 40 ->
5 41 192
5 42 0
5 43 -1
5 44 0
5 45 -1
5 46 -1
5 47 0
5 48 0
5 49 0
3 50 0
3 51 0
3 52 [1]
4 52 
5 53 19
5 54 0
5 55 [4][3]
$0,3FD2A23EC1A5695,3FEE9D18425F65BF
$0,3FEE9D18425F65BF,BFD2A23EC1A5695
$BFF,0,0
$406A68D9DBA25EA3,405063FA0F6906D7,4073CE87E8FA82B4
2 56 NULL
2 57 -1
2 58 -1
2 59 NULL
2 60 NULL
2 61 ->
3 62 123
3 63 
4 64 2
4 65 RADIAL_BALL_BEARING_68_DINDIN_6
4 66 NULL
3 67 1
3 68 -1
3 69 NULL
3 70 
4 71 
5 72 0
5 73 
4 74 
5 75 0
3 76 37
3 77 NULL
2 78 ->
3 79 0
3 80 0
3 81 [2][3]
$0,0,0
$0,0,0
3 82 0
3 83 NULL
3 84 -1
2 85 -1
2 86 NULL
2 87 -1
2 88 ->
3 89 [1]
4 89 ->
5 90 3
5 91 -1
5 92 -1
5 93 -1
3 94 0
2 95 NULL
2 96 NULL
1 97 ->
2 3 39
2 4 1
2 5 ->
3 6 -1
3 7 1000
3 8 NULL
3 9 0
3 10 [3]
$0,0,0
3 11 0
3 12 -1
3 13 -1
3 14 ->
4 15 0
4 16 0
4 17 0
4 18 -1
4 19 -1
4 20 -1
4 21 0
4 22 0
4 23 0
4 24 [2]
$0,0
3 25 0
2 26 -1
2 27 no_name
2 28 1
2 29 ->
3 30 NULL
3 31 NULL
3 32 NULL
3 33 ->
4 34 200057
4 35 200057
2 36 NULL
2 37 ->
2 38 ->
3 39 [4][3]
$BCB08ACC97D8FDD7,BC90BED7932474C7,BFF
$3C90BED7932474C6,3FF,BC90BED7932474C8
$3FF,BC90BED7932474C7,BCB08ACC97D8FDD7
$406CB0D9DBA25EA3,405063FA0F6906D7,407362EE4F60E914
3 40 [1]
4 40 ->
5 41 192
5 42 0
5 43 -1
5 44 0
5 45 -1
5 46 -1
5 47 0
5 48 0
5 49 0
3 50 0
3 51 0
3 52 [1]
4 52 
5 53 19
5 54 0
5 55 [4][3]
$BCB08ACC97D8FDD7,BC90BED7932474C7,BFF
$3C90BED7932474C6,3FF,BC90BED7932474C8
$3FF,BC90BED7932474C7,BCB08ACC97D8FDD7
$406CB0D9DBA25EA3,405063FA0F6906D7,407362EE4F60E914
2 56 NULL
2 57 -1
2 58 -1
2 59 NULL
2 60 NULL
2 61 ->
3 62 123
3 63 
4 64 2
4 65 HEX_SCREW_GRADEC_DINISO_4018_-_
4 66 NULL
3 67 1
3 68 -1
3 69 NULL
3 70 
4 71 
5 72 0
5 73 
4 74 
5 75 0
3 76 38
3 77 NULL
2 78 ->
3 79 0
3 80 0
3 81 [2][3]
$0,0,0
$0,0,0
3 82 0
3 83 NULL
3 84 -1
2 85 -1
2 86 NULL
2 87 -1
2 88 ->
3 89 [1]
4 89 ->
5 90 3
5 91 -1
5 92 -1
5 93 -1
3 94 0
2 95 NULL
2 96 NULL
1 97 ->
2 3 40
2 4 1
2 5 ->
3 6 -1
3 7 1000
3 8 NULL
3 9 0
3 10 [3]
$0,0,0
3 11 0
3 12 -1
3 13 -1
3 14 ->
4 15 0
4 16 0
4 17 0
4 18 -1
4 19 -1
4 20 -1
4 21 0
4 22 0
4 23 0
4 24 [2]
$0,0
3 25 0
2 26 -1
2 27 no_name
2 28 1
2 29 ->
3 30 NULL
3 31 NULL
3 32 NULL
3 33 ->
4 34 200057
4 35 200057
2 36 NULL
2 37 ->
2 38 ->
3 39 [4][3]
$BCB08ACC97D8FDD7,BC90BED7932474C7,BFF
$3C90BED7932474C6,3FF,BC90BED7932474C8
$3FF,BC90BED7932474C7,BCB08ACC97D8FDD7
$406820D9DBA25EA4,405063FA0F6906D7,407362EE4F60E914
3 40 [1]
4 40 ->
5 41 192
5 42 0
5 43 -1
5 44 0
5 45 -1
5 46 -1
5 47 0
5 48 0
5 49 0
3 50 0
3 51 0
3 52 [1]
4 52 
5 53 19
5 54 0
5 55 [4][3]
$BCB08ACC97D8FDD7,BC90BED7932474C7,BFF
$3C90BED7932474C6,3FF,BC90BED7932474C8
$3FF,BC90BED7932474C7,BCB08ACC97D8FDD7
$406820D9DBA25EA4,405063FA0F6906D7,407362EE4F60E914
2 56 NULL
2 57 -1
2 58 -1
2 59 NULL
2 60 NULL
2 61 ->
3 62 123
3 63 
4 64 2
4 65 HEX_SCREW_GRADEC_DINISO_4018_-_
4 66 NULL
3 67 1
3 68 -1
3 69 NULL
3 70 
4 71 
5 72 0
5 73 
4 74 
5 75 0
3 76 39
3 77 NULL
2 78 ->
3 79 0
3 80 0
3 81 [2][3]
$0,0,0
$0,0,0
3 82 0
3 83 NULL
3 84 -1
2 85 -1
2 86 NULL
2 87 -1
2 88 ->
3 89 [1]
4 89 ->
5 90 3
5 91 -1
5 92 -1
5 93 -1
3 94 0
2 95 NULL
2 96 NULL
1 97 ->
2 3 41
2 4 1
2 5 ->
3 6 -1
3 7 1000
3 8 NULL
3 9 0
3 10 [3]
$0,0,0
3 11 0
3 12 -1
3 13 -1
3 14 ->
4 15 0
4 16 0
4 17 0
4 18 -1
4 19 -1
4 20 -1
4 21 0
4 22 0
4 23 0
4 24 [2]
$0,0
3 25 0
2 26 -1
2 27 no_name
2 28 1
2 29 ->
3 30 NULL
3 31 NULL
3 32 NULL
3 33 ->
4 34 200057
4 35 200057
2 36 NULL
2 37 ->
2 38 ->
3 39 [4][3]
$BFE3CA9A6EC4B98E,BFE9254422600CCE,0
$3FE9254422600CCE,BFE3CA9A6EC4B98E,0
$0,0,3FF
$406A68D9DBA25EA3,405063FA0F6906D5,406CDD0FD1F5055D
3 40 [1]
4 40 ->
5 41 192
5 42 0
5 43 -1
5 44 0
5 45 -1
5 46 -1
5 47 0
5 48 0
5 49 0
3 50 0
3 51 0
3 52 [1]
4 52 
5 53 19
5 54 0
5 55 [4][3]
$BFE3CA9A6EC4B98E,BFE9254422600CCE,0
$3FE9254422600CCE,BFE3CA9A6EC4B98E,0
$0,0,3FF
$406A68D9DBA25EA3,405063FA0F6906D5,406CDD0FD1F5055D
2 56 NULL
2 57 -1
2 58 -1
2 59 NULL
2 60 NULL
2 61 ->
3 62 123
3 63 
4 64 2
4 65 ETI-00-00-06
4 66 NULL
3 67 1
3 68 -1
3 69 NULL
3 70 
4 71 
5 72 0
5 73 
4 74 
5 75 0
3 76 40
3 77 NULL
2 78 ->
3 79 0
3 80 0
3 81 [2][3]
$0,0,0
$0,0,0
3 82 0
3 83 NULL
3 84 -1
2 85 -1
2 86 NULL
2 87 -1
2 88 ->
3 89 [1]
4 89 ->
5 90 3
5 91 -1
5 92 -1
5 93 -1
3 94 0
2 95 NULL
2 96 NULL
1 97 ->
2 3 42
2 4 1
2 5 ->
3 6 -1
3 7 1000
3 8 NULL
3 9 0
3 10 [3]
$0,0,0
3 11 0
3 12 -1
3 13 -1
3 14 ->
4 15 0
4 16 0
4 17 0
4 18 -1
4 19 -1
4 20 -1
4 21 0
4 22 0
4 23 0
4 24 [2]
$0,0
3 25 0
2 26 -1
2 27 no_name
2 28 1
2 29 ->
3 30 NULL
3 31 NULL
3 32 NULL
3 33 ->
4 34 200057
4 35 200057
2 36 NULL
2 37 ->
2 38 ->
3 39 [4][3]
$BFE3CA9A6EC4B98C,BFE9254422600CD1,3CFA6A593F71BBA4
$3FE9254422600CD1,BFE3CA9A6EC4B98C,BD02BF40A511802F
$3D06E67174662019,BCC3753ABD018A0D,3FEFFFFFFFFFFFFF
$406A68D9DBA25EA3,405063FA0F6906D5,406E5D0FD1F5055D
3 40 [1]
4 40 ->
5 41 192
5 42 0
5 43 -1
5 44 0
5 45 -1
5 46 -1
5 47 0
5 48 0
5 49 0
3 50 0
3 51 0
3 52 [1]
4 52 
5 53 19
5 54 0
5 55 [4][3]
$BFE3CA9A6EC4B98C,BFE9254422600CD1,3CFA6A593F71BBA4
$3FE9254422600CD1,BFE3CA9A6EC4B98C,BD02BF40A511802F
$3D06E67174662019,BCC3753ABD018A0D,3FEFFFFFFFFFFFFF
$406A68D9DBA25EA3,405063FA0F6906D5,406E5D0FD1F5055D
2 56 NULL
2 57 -1
2 58 -1
2 59 NULL
2 60 NULL
2 61 ->
3 62 123
3 63 
4 64 2
4 65 ENG-00-01-01
4 66 NULL
3 67 1
3 68 -1
3 69 NULL
3 70 
4 71 
5 72 0
5 73 
4 74 
5 75 0
3 76 41
3 77 NULL
2 78 ->
3 79 0
3 80 0
3 81 [2][3]
$0,0,0
$0,0,0
3 82 0
3 83 NULL
3 84 -1
2 85 -1
2 86 NULL
2 87 -1
2 88 ->
3 89 [1]
4 89 ->
5 90 3
5 91 -1
5 92 -1
5 93 -1
3 94 0
2 95 NULL
2 96 NULL
1 97 ->
2 3 43
2 4 1
2 5 ->
3 6 -1
3 7 1000
3 8 NULL
3 9 0
3 10 [3]
$0,0,0
3 11 0
3 12 -1
3 13 -1
3 14 ->
4 15 0
4 16 0
4 17 0
4 18 -1
4 19 -1
4 20 -1
4 21 0
4 22 0
4 23 0
4 24 [2]
$0,0
3 25 0
2 26 -1
2 27 no_name
2 28 1
2 29 ->
3 30 NULL
3 31 NULL
3 32 NULL
3 33 ->
4 34 200057
4 35 200057
2 36 NULL
2 37 ->
2 38 ->
3 39 [4][3]
$BFE3CA9A6EC4B98C,BFE9254422600CD1,3CFA6A593F71BBA4
$3FE9254422600CD1,BFE3CA9A6EC4B98C,BD02BF40A511802F
$3D06E67174662019,BCC3753ABD018A0D,3FEFFFFFFFFFFFFF
$406A68D9DBA25EA3,405063FA0F6906DA,407B0E87E8FA82AE
3 40 [1]
4 40 ->
5 41 192
5 42 0
5 43 -1
5 44 0
5 45 -1
5 46 -1
5 47 0
5 48 0
5 49 0
3 50 0
3 51 0
3 52 [1]
4 52 
5 53 19
5 54 0
5 55 [4][3]
$BFE3CA9A6EC4B98C,BFE9254422600CD1,3CFA6A593F71BBA4
$3FE9254422600CD1,BFE3CA9A6EC4B98C,BD02BF40A511802F
$3D06E67174662019,BCC3753ABD018A0D,3FEFFFFFFFFFFFFF
$406A68D9DBA25EA3,405063FA0F6906DA,407B0E87E8FA82AE
2 56 NULL
2 57 -1
2 58 -1
2 59 NULL
2 60 NULL
2 61 ->
3 62 123
3 63 
4 64 2
4 65 ENG-00-01-01
4 66 NULL
3 67 1
3 68 -1
3 69 NULL
3 70 
4 71 
5 72 0
5 73 
4 74 
5 75 0
3 76 42
3 77 NULL
2 78 ->
3 79 0
3 80 0
3 81 [2][3]
$0,0,0
$0,0,0
3 82 0
3 83 NULL
3 84 -1
2 85 -1
2 86 NULL
2 87 -1
2 88 ->
3 89 [1]
4 89 ->
5 90 3
5 91 -1
5 92 -1
5 93 -1
3 94 0
2 95 NULL
2 96 NULL
1 97 ->
2 3 44
2 4 1
2 5 ->
3 6 -1
3 7 1000
3 8 NULL
3 9 0
3 10 [3]
$0,0,0
3 11 0
3 12 -1
3 13 -1
3 14 ->
4 15 0
4 16 0
4 17 0
4 18 -1
4 19 -1
4 20 -1
4 21 0
4 22 0
4 23 0
4 24 [2]
$0,0
3 25 0
2 26 -1
2 27 no_name
2 28 1
2 29 ->
3 30 NULL
3 31 NULL
3 32 NULL
3 33 ->
4 34 200057
4 35 200057
2 36 NULL
2 37 ->
2 38 ->
3 39 [4][3]
$3FF,0,0
$0,3FF,0
$0,0,3FF
$406A50FECF669DD,404FE06112369803,4070E687E8FA82B4
3 40 [1]
4 40 ->
5 41 192
5 42 0
5 43 -1
5 44 0
5 45 -1
5 46 -1
5 47 0
5 48 0
5 49 0
3 50 0
3 51 0
3 52 [1]
4 52 
5 53 19
5 54 0
5 55 [4][3]
$3FF,0,0
$0,3FF,0
$0,0,3FF
$406A50FECF669DD,404FE06112369803,4070E687E8FA82B4
2 56 NULL
2 57 -1
2 58 -1
2 59 NULL
2 60 NULL
2 61 ->
3 62 123
3 63 
4 64 1
4 65 ESP_00_00_02_6
4 66 NULL
3 67 1
3 68 -1
3 69 NULL
3 70 
4 71 
5 72 0
5 73 
4 74 
5 75 0
3 76 43
3 77 NULL
2 78 ->
3 79 0
3 80 0
3 81 [2][3]
$0,0,0
$0,0,0
3 82 0
3 83 NULL
3 84 -1
2 85 -1
2 86 NULL
2 87 -1
2 88 ->
3 89 [1]
4 89 ->
5 90 3
5 91 -1
5 92 -1
5 93 -1
3 94 0
2 95 NULL
2 96 NULL
1 97 ->
2 3 45
2 4 1
2 5 ->
3 6 -1
3 7 1000
3 8 NULL
3 9 0
3 10 [3]
$0,0,0
3 11 0
3 12 -1
3 13 -1
3 14 ->
4 15 0
4 16 0
4 17 0
4 18 -1
4 19 -1
4 20 -1
4 21 0
4 22 0
4 23 0
4 24 [2]
$0,0
3 25 0
2 26 -1
2 27 no_name
2 28 1
2 29 ->
3 30 NULL
3 31 NULL
3 32 NULL
3 33 ->
4 34 200057
4 35 200057
2 36 NULL
2 37 ->
2 38 ->
3 39 [4][3]
$3FD15DAE116AE74A,3FEECCA8AF9E83C1,BCE91241449E298
$BFEECCA8AF9E83C1,3FD15DAE116AE74A,3D065D9EF9FBC4B3
$3D073A32C9788EF9,BC727B5724F4D908,3FF
$40335E504D6AB68A,405063FA0F6906D7,407B0E87E8FA82AE
3 40 [1]
4 40 ->
5 41 192
5 42 0
5 43 -1
5 44 0
5 45 -1
5 46 -1
5 47 0
5 48 0
5 49 0
3 50 0
3 51 0
3 52 [1]
4 52 
5 53 19
5 54 0
5 55 [4][3]
$3FD15DAE116AE74A,3FEECCA8AF9E83C1,BCE91241449E298
$BFEECCA8AF9E83C1,3FD15DAE116AE74A,3D065D9EF9FBC4B3
$3D073A32C9788EF9,BC727B5724F4D908,3FF
$40335E504D6AB68A,405063FA0F6906D7,407B0E87E8FA82AE
2 56 NULL
2 57 -1
2 58 -1
2 59 NULL
2 60 NULL
2 61 ->
3 62 123
3 63 
4 64 2
4 65 ENG-00-01-01
4 66 NULL
3 67 1
3 68 -1
3 69 NULL
3 70 
4 71 
5 72 0
5 73 
4 74 
5 75 0
3 76 44
3 77 NULL
2 78 ->
3 79 0
3 80 0
3 81 [2][3]
$0,0,0
$0,0,0
3 82 0
3 83 NULL
3 84 -1
2 85 -1
2 86 NULL
2 87 -1
2 88 ->
3 89 [1]
4 89 ->
5 90 3
5 91 -1
5 92 -1
5 93 -1
3 94 0
2 95 NULL
2 96 NULL
1 97 ->
2 3 46
2 4 1
2 5 ->
3 6 -1
3 7 1000
3 8 NULL
3 9 0
3 10 [3]
$0,0,0
3 11 0
3 12 -1
3 13 -1
3 14 ->
4 15 0
4 16 0
4 17 0
4 18 -1
4 19 -1
4 20 -1
4 21 0
4 22 0
4 23 0
4 24 [2]
$0,0
3 25 0
2 26 -1
2 27 no_name
2 28 1
2 29 ->
3 30 NULL
3 31 NULL
3 32 NULL
3 33 ->
4 34 200057
4 35 200057
2 36 NULL
2 37 ->
2 38 ->
3 39 [4][3]
$3FD15DAE116AE74E,3FEECCA8AF9E83C,0
$BFEECCA8AF9E83C,3FD15DAE116AE74E,0
$0,0,3FEFFFFFFFFFFFFF
$40335E504D6AB68A,405063FA0F6906D7,406D1D0FD1F50564
3 40 [1]
4 40 ->
5 41 192
5 42 0
5 43 -1
5 44 0
5 45 -1
5 46 -1
5 47 0
5 48 0
5 49 0
3 50 0
3 51 0
3 52 [1]
4 52 
5 53 19
5 54 0
5 55 [4][3]
$3FD15DAE116AE74E,3FEECCA8AF9E83C,0
$BFEECCA8AF9E83C,3FD15DAE116AE74E,0
$0,0,3FEFFFFFFFFFFFFF
$40335E504D6AB68A,405063FA0F6906D7,406D1D0FD1F50564
2 56 NULL
2 57 -1
2 58 -1
2 59 NULL
2 60 NULL
2 61 ->
3 62 123
3 63 
4 64 2
4 65 ETI-00-00-04
4 66 NULL
3 67 1
3 68 -1
3 69 NULL
3 70 
4 71 
5 72 0
5 73 
4 74 
5 75 0
3 76 45
3 77 NULL
2 78 ->
3 79 0
3 80 0
3 81 [2][3]
$0,0,0
$0,0,0
3 82 0
3 83 NULL
3 84 -1
2 85 -1
2 86 NULL
2 87 -1
2 88 ->
3 89 [1]
4 89 ->
5 90 3
5 91 -1
5 92 -1
5 93 -1
3 94 0
2 95 NULL
2 96 NULL
1 97 ->
2 3 47
2 4 1
2 5 ->
3 6 -1
3 7 1000
3 8 NULL
3 9 0
3 10 [3]
$0,0,0
3 11 0
3 12 -1
3 13 -1
3 14 ->
4 15 0
4 16 0
4 17 0
4 18 -1
4 19 -1
4 20 -1
4 21 0
4 22 0
4 23 0
4 24 [2]
$0,0
3 25 0
2 26 -1
2 27 no_name
2 28 1
2 29 ->
3 30 NULL
3 31 NULL
3 32 NULL
3 33 ->
4 34 200057
4 35 200057
2 36 NULL
2 37 ->
2 38 ->
3 39 [4][3]
$0,0,3FF
$BFF,0,0
$0,BFF,0
$406F68D9DBA25E9D,405A63FA0F6906D6,40741E87E8FA82B2
3 40 [1]
4 40 ->
5 41 192
5 42 0
5 43 -1
5 44 0
5 45 -1
5 46 -1
5 47 0
5 48 0
5 49 0
3 50 0
3 51 0
3 52 [1]
4 52 
5 53 19
5 54 0
5 55 [4][3]
$0,0,3FF
$BFF,0,0
$0,BFF,0
$406F68D9DBA25E9D,405A63FA0F6906D6,40741E87E8FA82B2
2 56 NULL
2 57 -1
2 58 -1
2 59 NULL
2 60 NULL
2 61 ->
3 62 123
3 63 
4 64 2
4 65 CSS-00-00-03
4 66 NULL
3 67 1
3 68 -1
3 69 NULL
3 70 
4 71 
5 72 0
5 73 
4 74 
5 75 0
3 76 46
3 77 NULL
2 78 ->
3 79 0
3 80 0
3 81 [2][3]
$0,0,0
$0,0,0
3 82 0
3 83 NULL
3 84 -1
2 85 -1
2 86 NULL
2 87 -1
2 88 ->
3 89 [1]
4 89 ->
5 90 3
5 91 -1
5 92 -1
5 93 -1
3 94 0
2 95 NULL
2 96 NULL
1 97 ->
2 3 48
2 4 1
2 5 ->
3 6 -1
3 7 1000
3 8 NULL
3 9 0
3 10 [3]
$0,0,0
3 11 0
3 12 -1
3 13 -1
3 14 ->
4 15 0
4 16 0
4 17 0
4 18 -1
4 19 -1
4 20 -1
4 21 0
4 22 0
4 23 0
4 24 [2]
$0,0
3 25 0
2 26 -1
2 27 no_name
2 28 1
2 29 ->
3 30 NULL
3 31 NULL
3 32 NULL
3 33 ->
4 34 200057
4 35 200057
2 36 NULL
2 37 ->
2 38 ->
3 39 [4][3]
$3FF,0,0
$0,3FF,0
$0,0,3FF
$406820D9DBA25EA2,405063FA0F6906D7,4074782182941C48
3 40 [1]
4 40 ->
5 41 192
5 42 0
5 43 -1
5 44 0
5 45 -1
5 46 -1
5 47 0
5 48 0
5 49 0
3 50 0
3 51 0
3 52 [1]
4 52 
5 53 19
5 54 0
5 55 [4][3]
$3FF,0,0
$0,3FF,0
$0,0,3FF
$406820D9DBA25EA2,405063FA0F6906D7,4074782182941C48
2 56 NULL
2 57 -1
2 58 -1
2 59 NULL
2 60 NULL
2 61 ->
3 62 123
3 63 
4 64 2
4 65 HEX_NUT_GRADEC_DINHEXAGON_NUT_I
4 66 NULL
3 67 1
3 68 -1
3 69 NULL
3 70 
4 71 
5 72 0
5 73 
4 74 
5 75 0
3 76 47
3 77 NULL
2 78 ->
3 79 0
3 80 0
3 81 [2][3]
$0,0,0
$0,0,0
3 82 0
3 83 NULL
3 84 -1
2 85 -1
2 86 NULL
2 87 -1
2 88 ->
3 89 [1]
4 89 ->
5 90 3
5 91 -1
5 92 -1
5 93 -1
3 94 0
2 95 NULL
2 96 NULL
1 97 ->
2 3 49
2 4 1
2 5 ->
3 6 -1
3 7 1000
3 8 NULL
3 9 0
3 10 [3]
$0,0,0
3 11 0
3 12 -1
3 13 -1
3 14 ->
4 15 0
4 16 0
4 17 0
4 18 -1
4 19 -1
4 20 -1
4 21 0
4 22 0
4 23 0
4 24 [2]
$0,0
3 25 0
2 26 -1
2 27 no_name
2 28 1
2 29 ->
3 30 NULL
3 31 NULL
3 32 NULL
3 33 ->
4 34 200057
4 35 200057
2 36 NULL
2 37 ->
2 38 ->
3 39 [4][3]
$0,B5C8895838BE1F9A,BFF
$BFF,398,8
$0,3FF,B5C8895838BE1F9A
$C0629726245DA164,405A63FA0F6906D6,4070FE87E8FA82AD
3 40 [1]
4 40 ->
5 41 192
5 42 0
5 43 -1
5 44 0
5 45 -1
5 46 -1
5 47 0
5 48 0
5 49 0
3 50 0
3 51 0
3 52 [1]
4 52 
5 53 19
5 54 0
5 55 [4][3]
$0,B5C8895838BE1F9A,BFF
$BFF,398,8
$0,3FF,B5C8895838BE1F9A
$C0629726245DA164,405A63FA0F6906D6,4070FE87E8FA82AD
2 56 NULL
2 57 -1
2 58 -1
2 59 NULL
2 60 NULL
2 61 ->
3 62 123
3 63 
4 64 2
4 65 CSS-00-00-03
4 66 NULL
3 67 1
3 68 -1
3 69 NULL
3 70 
4 71 
5 72 0
5 73 
4 74 
5 75 0
3 76 48
3 77 NULL
2 78 ->
3 79 0
3 80 0
3 81 [2][3]
$0,0,0
$0,0,0
3 82 0
3 83 NULL
3 84 -1
2 85 -1
2 86 NULL
2 87 -1
2 88 ->
3 89 [1]
4 89 ->
5 90 3
5 91 -1
5 92 -1
5 93 -1
3 94 0
2 95 NULL
2 96 NULL
1 97 ->
2 3 50
2 4 1
2 5 ->
3 6 -1
3 7 1000
3 8 NULL
3 9 0
3 10 [3]
$0,0,0
3 11 0
3 12 -1
3 13 -1
3 14 ->
4 15 0
4 16 0
4 17 0
4 18 -1
4 19 -1
4 20 -1
4 21 0
4 22 0
4 23 0
4 24 [2]
$0,0
3 25 0
2 26 -1
2 27 no_name
2 28 1
2 29 ->
3 30 NULL
3 31 NULL
3 32 NULL
3 33 ->
4 34 200057
4 35 200057
2 36 NULL
2 37 ->
2 38 ->
3 39 [4][3]
$3FEFA4F921EC984,BFC3074CC29A4B0C,0
$3FC3074CC29A4B0C,3FEFA4F921EC984,0
$0,0,3FF
$40343B7C8EB97C1B,405015CBF7152F48,406F8D0FD1F5055F
3 40 [1]
4 40 ->
5 41 192
5 42 0
5 43 -1
5 44 0
5 45 -1
5 46 -1
5 47 0
5 48 0
5 49 0
3 50 0
3 51 0
3 52 [1]
4 52 
5 53 19
5 54 0
5 55 [4][3]
$3FEFA4F921EC984,BFC3074CC29A4B0C,0
$3FC3074CC29A4B0C,3FEFA4F921EC984,0
$0,0,3FF
$40343B7C8EB97C1B,405015CBF7152F48,406F8D0FD1F5055F
2 56 NULL
2 57 -1
2 58 -1
2 59 NULL
2 60 NULL
2 61 ->
3 62 123
3 63 
4 64 1
4 65 ESP_00_00_01
4 66 NULL
3 67 1
3 68 -1
3 69 NULL
3 70 
4 71 
5 72 0
5 73 
4 74 
5 75 0
3 76 49
3 77 NULL
2 78 ->
3 79 0
3 80 0
3 81 [2][3]
$0,0,0
$0,0,0
3 82 0
3 83 NULL
3 84 -1
2 85 -1
2 86 NULL
2 87 -1
2 88 ->
3 89 [1]
4 89 ->
5 90 3
5 91 -1
5 92 -1
5 93 -1
3 94 0
2 95 NULL
2 96 NULL
1 97 ->
2 3 51
2 4 1
2 5 ->
3 6 -1
3 7 1000
3 8 NULL
3 9 0
3 10 [3]
$0,0,0
3 11 0
3 12 -1
3 13 -1
3 14 ->
4 15 0
4 16 0
4 17 0
4 18 -1
4 19 -1
4 20 -1
4 21 0
4 22 0
4 23 0
4 24 [2]
$0,0
3 25 0
2 26 -1
2 27 no_name
2 28 1
2 29 ->
3 30 NULL
3 31 NULL
3 32 NULL
3 33 ->
4 34 200057
4 35 200057
2 36 NULL
2 37 ->
2 38 ->
3 39 [4][3]
$3FF,0,0
$0,3FF,0
$0,0,3FF
$40329F77EB8CAFEA,404FE061123697FF,4070E687E8FA82B4
3 40 [1]
4 40 ->
5 41 192
5 42 0
5 43 -1
5 44 0
5 45 -1
5 46 -1
5 47 0
5 48 0
5 49 0
3 50 0
3 51 0
3 52 [1]
4 52 
5 53 19
5 54 0
5 55 [4][3]
$3FF,0,0
$0,3FF,0
$0,0,3FF
$40329F77EB8CAFEA,404FE061123697FF,4070E687E8FA82B4
2 56 NULL
2 57 -1
2 58 -1
2 59 NULL
2 60 NULL
2 61 ->
3 62 123
3 63 
4 64 1
4 65 ESP_00_00_02_7
4 66 NULL
3 67 1
3 68 -1
3 69 NULL
3 70 
4 71 
5 72 0
5 73 
4 74 
5 75 0
3 76 50
3 77 NULL
2 78 ->
3 79 0
3 80 0
3 81 [2][3]
$0,0,0
$0,0,0
3 82 0
3 83 NULL
3 84 -1
2 85 -1
2 86 NULL
2 87 -1
2 88 ->
3 89 [1]
4 89 ->
5 90 3
5 91 -1
5 92 -1
5 93 -1
3 94 0
2 95 NULL
2 96 NULL
1 97 NULL
@layer_list 98 0
1 98 [51]
2 98 
@feat_id 99 1
3 99 1
@layer_id 100 1
3 100 0
@back_layer_id 101 1
3 101 0
2 98 
3 99 2
3 100 0
3 101 0
2 98 
3 99 3
3 100 0
3 101 0
2 98 
3 99 4
3 100 0
3 101 0
2 98 
3 99 5
3 100 0
3 101 0
2 98 
3 99 6
3 100 0
3 101 0
2 98 
3 99 7
3 100 0
3 101 0
2 98 
3 99 8
3 100 0
3 101 0
2 98 
3 99 9
3 100 0
3 101 0
2 98 
3 99 10
3 100 0
3 101 0
2 98 
3 99 11
3 100 0
3 101 0
2 98 
3 99 12
3 100 0
3 101 0
2 98 
3 99 13
3 100 0
3 101 0
2 98 
3 99 14
3 100 0
3 101 0
2 98 
3 99 15
3 100 0
3 101 0
2 98 
3 99 16
3 100 0
3 101 0
2 98 
3 99 17
3 100 0
3 101 0
2 98 
3 99 18
3 100 0
3 101 0
2 98 
3 99 19
3 100 0
3 101 0
2 98 
3 99 20
3 100 0
3 101 0
2 98 
3 99 21
3 100 0
3 101 0
2 98 
3 99 22
3 100 0
3 101 0
2 98 
3 99 23
3 100 0
3 101 0
2 98 
3 99 24
3 100 0
3 101 0
2 98 
3 99 25
3 100 0
3 101 0
2 98 
3 99 26
3 100 0
3 101 0
2 98 
3 99 27
3 100 0
3 101 0
2 98 
3 99 28
3 100 0
3 101 0
2 98 
3 99 29
3 100 0
3 101 0
2 98 
3 99 30
3 100 0
3 101 0
2 98 
3 99 31
3 100 0
3 101 0
2 98 
3 99 32
3 100 0
3 101 0
2 98 
3 99 33
3 100 0
3 101 0
2 98 
3 99 34
3 100 0
3 101 0
2 98 
3 99 35
3 100 0
3 101 0
2 98 
3 99 36
3 100 0
3 101 0
2 98 
3 99 37
3 100 0
3 101 0
2 98 
3 99 38
3 100 0
3 101 0
2 98 
3 99 39
3 100 0
3 101 0
2 98 
3 99 40
3 100 0
3 101 0
2 98 
3 99 41
3 100 0
3 101 0
2 98 
3 99 42
3 100 0
3 101 0
2 98 
3 99 43
3 100 0
3 101 0
2 98 
3 99 44
3 100 0
3 101 0
2 98 
3 99 45
3 100 0
3 101 0
2 98 
3 99 46
3 100 0
3 101 0
2 98 
3 99 47
3 100 0
3 101 0
2 98 
3 99 48
3 100 0
3 101 0
2 98 
3 99 49
3 100 0
3 101 0
2 98 
3 99 50
3 100 0
3 101 0
2 98 
3 99 51
3 100 0
3 101 0
#FullMData
@Sld_FullData 1 0
0 1 ->
@first_member_ptr 2 0
1 2 NULL
@alumni_members 3 0
1 3 NULL
@ref_part_table 4 0
1 4 [1]
2 4 ->
@name 5 10
3 5 ct-00-00-02_1
@id 6 1
3 6 -1
@type 7 1
3 7 1
@revnum 8 1
3 8 12
@memb_id_tab 9 1
3 9 [1]
$-1992
@dep_id 10 1
3 10 4
@attributes 11 1
3 11 0
@simpl_rep 12 0
3 12 NULL
@first_xsec_ptr 13 0
1 13 NULL
@lang_ptr 14 0
1 14 NULL
@first_csys_ptr 15 0
1 15 NULL
@offset 16 2
1 16 [5]
$0,0,0,0,0
@ipar_num 17 1
1 17 0
@smt_info_ptr 18 0
1 18 NULL
@cable_info_ptr 19 0
1 19 ->
@id 20 1
2 20 -1
@type 21 1
2 21 94
@ref_harness_id 22 1
2 22 -1
@cable_assem_id 23 1
2 23 -1
@work_subharn_id 24 1
2 24 -3253
@parent_ext_ref_id 25 1
2 25 -1
@p_frbn_info 26 0
2 26 NULL
@log_info_src_name 27 10
2 27 NULL
@log_info_src_type 28 1
2 28 0
@comp_info_ptr 29 0
1 29 NULL
@prt_misc_ptr 30 0
1 30 ->
@shrink_data_ptr 31 0
2 31 NULL
@expld_mv_info 32 0
1 32 ->
@act_expl_state 33 1
2 33 -1
@default_state 34 0
2 34 ->
@id 35 1
3 35 -1
@type 36 1
3 36 500
@state_type 37 1
3 37 0
@cur_stage_ind 38 1
3 38 -1
@stage_info 39 0
3 39 [1]
4 39 
@unexpl_subass_info 40 0
3 40 ->
@expld_comp_ref 41 0
3 41 ->
@comp_id 42 1
4 42 -1
@expld_state 43 0
4 43 NULL
@gen_info 44 0
3 44 
@font 45 1
4 45 5
@color 46 1
4 46 10
@state_info_ptr 47 0
1 47 NULL
@alumni_feats 48 0
1 48 NULL
@p_mdl_grid 49 0
1 49 NULL
@mdl_status_ptr 50 0
1 50 NULL
@appl_info_arr 51 0
1 51 [1]
2 51 
@id 52 1
3 52 -1
@type 53 1
3 53 13
@ribbon_info_ptr 54 0
1 54 NULL
@p_xref_data 55 0
1 55 ->
@first_analysis_feat 56 0
1 56 NULL
#ModelView#0
@View 1 0
0 1 ->
@id 2 1
1 2 0
@viewattr 3 0
1 3 
@attr_arr 4 1
2 4 [4]
$1,0,0,0
@mpoint 5 0
1 5 
@id 6 1
2 6 0
@coord 7 2
2 7 [3]
$0,0,0
@first_instr_ptr 8 0
2 8 NULL
@attach_ptr 9 0
2 9 NULL
@vpoint 10 0
1 10 
2 6 0
2 7 [3]
$407F4,407A5E,0
2 8 NULL
2 9 NULL
@orient 11 2
1 11 [4][4]
$3FF,0,0,0
$0,3FF,0,0
$0,0,3FF,0
$0,0,0,3FF
@local_sys 12 2
1 12 [4][4]
$3FF,0,0,0
$0,3FF,0,0
$0,0,3FF,0
$0,0,0,3FF
@world_matrix_ptr 13 0
1 13 NULL
@first_instr_ptr 14 0
1 14 ->
@type 15 1
2 15 100
@geom_id 16 1
2 16 -1
@view_id 17 1
2 17 -1
@memb_num 18 1
2 18 0
@offset 19 2
2 19 0
@matrix 20 0
2 20 NULL
@next_instr_ptr 21 0
1 21 ->
2 15 301
2 16 -1
2 17 -1
2 18 0
2 19 3FF
2 20 NULL
1 21 NULL
@outer_xsec_index 22 1
1 22 -1
@next_view_id 23 1
1 23 -2
@simp_rep_id 24 1
1 24 0
@name 25 10
1 25 no name
@fit_outline 26 2
1 26 [2][3]
$4059,405518,0
$408C2,4087BB,0
@det_info_ptr 27 0
1 27 NULL
@named_view_pzmatr 28 0
1 28 NULL
@page_id 29 1
1 29 0
@model_name 30 10
1 30 NULL
@unrep_model_name 31 10
1 31 NULL
@saved_pro_dls 32 0
1 32 ->
@eye 33 0
2 33 
@matrix 34 2
3 34 [4][4]
$3FF,0,0,0
$0,3FF,0,0
$0,0,3FF,0
$0,0,0,3FF
@position 35 2
3 35 [3]
$0,0,0
@view_angle 36 2
3 36 0
@explode_state 37 0
1 37 NULL
#DispDataColor
@ref_color_table 1 0
0 1 
#DispDataTable
@disp_data_table 1 0
0 1 
@disp_data_arr 2 0
1 2 [1]
2 2 
@disp_data 3 0
3 3 ->
@wire 4 0
4 4 
@disp_list_version 5 1
5 5 16
@visibility 6 1
5 6 16
@status_mask 7 1
5 7 3
@creation_scale 8 2
5 8 0
@view_matrix 9 2
5 9 [4][4]
$3FF,0,0,0
$0,3FF,0,0
$0,0,3FF,0
$0,0,0,3FF
@outline 10 2
5 10 [2][3]
$0,0,0
$3FF,3FF,3FF
@dl_block_mem_size 11 0
5 11 
@dl_block_mem_size 12 1
6 12 65435
@list 13 0
5 13 NULL
@token_contents 14 5
5 14 0
@render_attribs 15 5
5 15 0
@part_color 16 1
4 16 -1
@color_prop_ptr 17 0
4 17 NULL
@model_type 18 1
4 18 1
@flags 19 1
4 19 0
@generic_name 20 10
4 20 NULL
@label 21 10
4 21 NULL
@components 22 0
4 22 
#AssMrgPrt
@assem_merge_parts 1 0
0 1 ->
#END_OF_UGC
