#UGC:2 PART 997 420 0 1 1 15 2000 9839 00000585 \
#- VERS 0 0                                                          \
#- HOST                                                              \
#- LINK                                                              \
#- DBID                                                              \
#- REVS 0,                                                           \
#- RELL 0,                                                           \
#- UOBJ_ID 962053733 220136368 1265647124                            \
#- MACH                                                              \
#-END_OF_UGC_HEADER
#P_OBJECT 6
@P_object 1 0
0 1 ->
@dep_db 2 0
1 2 ->
@usr_rev 3 0
1 3 [1]
2 3 
@name 4 10
3 4 Raian
@mod_time 5 0
3 5 
@tm_sec 6 1
4 6 46
@tm_min 7 1
4 7 46
@tm_hour 8 1
4 8 21
@tm_mday 9 1
4 9 16
@tm_mon 10 1
4 10 7
@tm_year 11 1
4 11 2025
@action 12 1
3 12 1000
@comment 13 10
3 13 Hostname: 'RAIANZ7'
@rel_level 14 10
3 14 
@rev_string 15 10
3 15 
@revnum_std 16 1
1 16 80
@flag 17 1
1 17 0
@name 18 10
1 18 NULL
@inst_hidden 19 1
1 19 0
@old_name 20 10
1 20 NULL
@appl_data 21 0
1 21 ->
@bounding_box 22 2
2 22 [2][3]
$C064500000000003,C06467738A82669E,BFF8000000000006
$4068080000000001,406467738A82669D,4050AEE71504CD35
@ver_key 23 0
1 23 ->
@time 24 1
2 24 962053735
@random_num 25 1
2 25 220098560
@hostid 26 1
2 26 1265647124
@last_read 27 1
1 27 -1
#END_OF_P_OBJECT
#Pro/ENGINEER  TM  Release 20.0  (c) 1988-98 by Parametric Technology Corporation  All Rights Reserved. 9843
@Toc 28 0
0 28 ->
@entry 29 10
1 29 [128]
2 29 BasicData 2b97 5fd 0 998########################################################
2 29 BasicText 3194 399 0 998########################################################
2 29 GeomDepen 352d 73 0 998#########################################################
2 29 DispCntrl 35a0 42 0 998#########################################################
2 29 DisplData 35e2 38 0 998#########################################################
2 29 LargeText 361a 105 0 998########################################################
2 29 FamilyInf 371f 40 0 998#########################################################
2 29 VisibGeom 375f d51d 0 998#######################################################
2 29 NovisGeom 10c7c 3e 0 998########################################################
2 29 ActEntity 10cba 26a 0 998#######################################################
2 29 AllFeatur 10f24 1a36 0 998######################################################
2 29 FullMData 1295a 28f 0 998#######################################################
2 29 ModelView#0 12be9 4b9 0 998#####################################################
2 29 DispDataColor 130a2 29 0 998####################################################
2 29 DispDataTable 130cb 38b 0 998###################################################
2 29 AssMrgPrt 13456 28 0 998########################################################
2 29 ################################################################################
2 29 ################################################################################
2 29 ################################################################################
2 29 ################################################################################
2 29 ################################################################################
2 29 ################################################################################
2 29 ################################################################################
2 29 ################################################################################
2 29 ################################################################################
2 29 ################################################################################
2 29 ################################################################################
2 29 ################################################################################
2 29 ################################################################################
2 29 ################################################################################
2 29 ################################################################################
2 29 ################################################################################
2 29 ################################################################################
2 29 ################################################################################
2 29 ################################################################################
2 29 ################################################################################
2 29 ################################################################################
2 29 ################################################################################
2 29 ################################################################################
2 29 ################################################################################
2 29 ################################################################################
2 29 ################################################################################
2 29 ################################################################################
2 29 ################################################################################
2 29 ################################################################################
2 29 ################################################################################
2 29 ################################################################################
2 29 ################################################################################
2 29 ################################################################################
2 29 ################################################################################
2 29 ################################################################################
2 29 ################################################################################
2 29 ################################################################################
2 29 ################################################################################
2 29 ################################################################################
2 29 ################################################################################
2 29 ################################################################################
2 29 ################################################################################
2 29 ################################################################################
2 29 ################################################################################
2 29 ################################################################################
2 29 ################################################################################
2 29 ################################################################################
2 29 ################################################################################
2 29 ################################################################################
2 29 ################################################################################
2 29 ################################################################################
2 29 ################################################################################
2 29 ################################################################################
2 29 ################################################################################
2 29 ################################################################################
2 29 ################################################################################
2 29 ################################################################################
2 29 ################################################################################
2 29 ################################################################################
2 29 ################################################################################
2 29 ################################################################################
2 29 ################################################################################
2 29 ################################################################################
2 29 ################################################################################
2 29 ################################################################################
2 29 ################################################################################
2 29 ################################################################################
2 29 ################################################################################
2 29 ################################################################################
2 29 ################################################################################
2 29 ################################################################################
2 29 ################################################################################
2 29 ################################################################################
2 29 ################################################################################
2 29 ################################################################################
2 29 ################################################################################
2 29 ################################################################################
2 29 ################################################################################
2 29 ################################################################################
2 29 ################################################################################
2 29 ################################################################################
2 29 ################################################################################
2 29 ################################################################################
2 29 ################################################################################
2 29 ################################################################################
2 29 ################################################################################
2 29 ################################################################################
2 29 ################################################################################
2 29 ################################################################################
2 29 ################################################################################
2 29 ################################################################################
2 29 ################################################################################
2 29 ################################################################################
2 29 ################################################################################
2 29 ################################################################################
2 29 ################################################################################
2 29 ################################################################################
2 29 ################################################################################
2 29 ################################################################################
2 29 ################################################################################
2 29 ################################################################################
2 29 ################################################################################
2 29 ################################################################################
2 29 ################################################################################
2 29 ################################################################################
2 29 ################################################################################
2 29 ################################################################################
2 29 ################################################################################
2 29 ################################################################################
2 29 ################################################################################
2 29 ################################################################################
2 29 ################################################################################
#BasicData
@Sld_BasicData 1 0
0 1 ->
@tab_key 2 1
1 2 0
@tab_key_struct 3 0
1 3 ->
@type 4 4
2 4 H
@tab_key_ptr 5 0
2 5 [242]
@cmprs_tabkey 6 0
2 6 NULL
@type 7 1
1 7 2
@revnum_ptr 8 0
1 8 ->
@geom_revnum 9 1
2 9 246
@cosm_revnum 10 1
2 10 0
@tol_default_ptr 11 0
1 11 ->
@type 12 1
2 12 10
@value 13 2
2 13 [7]
$0,3FB999999999999A,3F847AE147AE147B,3F50624DD2F1A9FC,3F1A36E2EB1C432D,3EE4F8B588E368F1,3EB0C6F7A0B5ED8D
@ang_value 14 2
2 14 [7]
$0,3FE,3FE,3FE,3FE,3FE,3FE
@lin_digits 15 1
2 15 [7]
$-1,-1,-1,-1,-1,-1,-1
@ang_digits 16 1
2 16 [7]
$0,0,0,0,0,0,0
@standard 17 1
2 17 0
@iso_tol_tbls_ptr 18 0
2 18 NULL
@datum_count 19 1
1 19 0
@axis_count 20 1
1 20 0
@insert_layer_id 21 1
1 21 -1
@layer_count 22 1
1 22 0
@rel_part_eps 23 2
1 23 3F53A92A30553261
@model_eps 24 2
1 24 0
@fixed_model_eps 25 1
1 25 0
@assembled_count 26 1
1 26 0
@part_type 27 1
1 27 1
@first_ent_id 28 1
1 28 513569
@first_view_id 29 1
1 29 0
@outline 30 2
1 30 [2][3]
$C064500000000003,C06467738A82669E,BFF8000000000006
$4068080000000001,406467738A82669D,4050AEE71504CD35
@dim_num 31 1
1 31 0
@geom_lib_ptr 32 0
1 32 NULL
@attrib_array 33 1
1 33 [3]
$0,0,0
@max_part_size 34 2
1 34 3FDF29904B3448EC
@model_name 35 10
1 35 POR_01_00_00
@disp_outl_info 36 0
1 36 
@disp_outline 37 2
2 37 [2][3]
$C064500000000003,C06467738A82669E,BFF8000000000006
$4068080000000001,406467738A82669D,4050AEE71504CD35
@sel_outl_info 38 0
1 38 ->
@outline 39 2
2 39 [2][3]
$C064500000000003,C06467738A82669E,BFF8000000000006
$4068080000000001,406467738A82669D,4050AEE71504CD35
#BasicText
@Sld_BasicText 1 0
0 1 ->
@assem_mass_prop_ptr 2 0
1 2 NULL
@mass_prop_ptr 3 0
1 3 ->
@type 4 1
2 4 0
@density 5 2
2 5 3F8013A92A305532
@init_dens 6 5
2 6 0
@rel_density 7 2
2 7 0
@init_rel_dens 8 5
2 8 0
@aver_density 9 2
2 9 0
@vrevnum 10 1
2 10 -1
@volume 11 2
2 11 3F2FC56246A1940A
@cg 12 2
2 12 [3]
$0,0,0
@inertia 13 2
2 13 [3][3]
$0,0,BF589374BC6A7F
$0,0,0
$0,0,0
@eps 14 2
2 14 0
@surfarea 15 2
2 15 0
@assign_mp_ptr 16 0
1 16 NULL
@mat_name_ptr 17 10
1 17 NULL
@unit_arr 18 0
1 18 [3]
2 18 
@type 19 1
3 19 13
@factor 20 2
3 20 3FF
@name 21 10
3 21 MM
@unit_type 22 1
3 22 0
2 18 
3 19 12
3 20 408F4
3 21 GRAM
3 22 1
2 18 
3 19 13
3 20 3F3234576CF0BB8C
3 21 SECS
3 22 2
@p_unit_info 23 0
1 23 ->
@custom_unit_arr 24 0
2 24 [6]
3 24 
3 24 
3 24 
3 24 
3 24 
3 24 
@principal_sys_units 25 10
2 25 millimeter Newton Second (mmNs)
@history_scale 26 2
2 26 [6][2]
$3FF,0
$3FF,0
$3FF,0
$3FF,0
$3FF,0
$3FF,0
#GeomDepen
@Sld_GeomDepend 1 0
0 1 ->
@frst_geom_ptr 2 1
1 2 31
@fem_data 3 0
1 3 NULL
@first_quilt_ptr 4 1
1 4 30
#DispCntrl
@Sld_DispCntrl 1 0
0 1 ->
@color_prop_ptr 2 0
1 2 NULL
#DisplData
@Sld_DispData 1 0
0 1 ->
@disp_data 2 0
1 2 
#LargeText
@Sld_LargeText 1 0
0 1 ->
@names_table 2 0
1 2 [1]
2 2 ->
@id 3 1
3 3 3
@type 4 1
3 4 25
@name 5 10
3 5 POR_01_00_00
@relpar_sets 6 0
1 6 [1]
2 6 
@id 7 1
3 7 -1
@type 8 1
3 8 2
@ext_ref_id 9 1
3 9 -1
@relatnum 10 1
3 10 0
@cfg_states 11 0
1 11 NULL
#FamilyInf
@Sld_FamilyInfo 1 0
0 1 ->
@drv_tbl_ptr 2 0
1 2 NULL
#VisibGeom
@Sld_VisGeom 1 0
0 1 ->
@active_geom 2 0
1 2 
@srf_array 3 0
2 3 [24]
3 3 ->
@geom_type 4 1
4 4 34
@geom_id 5 1
4 5 31
@feat_id 6 1
4 6 4
@boundary_type 7 1
4 7 0
@envlp 8 2
4 8 [2][2]
$C064500000000003,C06407738A82669D
$4068080000000001,406407738A82669D
@srf_prim_ptr(plane) 9 0
4 9 ->
@local_sys 10 2
5 10 [4][3]
$3FF,8,0
$0,3FF,0
$8,0,3FF
$0,0,BFF8
@frst_cntr_ptr 11 0
4 11 ->
@frst_cntr_crv_hdr_ptr 12 1
5 12 33
@trv 13 1
5 13 1
@envlp 14 2
5 14 [2][2]
$C064500000000003,C06407738A82669D
$4068080000000001,406407738A82669D
@next_cntr_ptr 15 0
4 15 NULL
@next_geom_ptr 16 1
4 16 35
@orient 17 1
4 17 -1
@outline 18 2
4 18 [2][3]
$C064500000000003,C06407738A82669D,BFF8000000000006
$4068080000000001,406407738A82669D,BFF8
3 3 ->
4 4 34
4 5 35
4 6 4
4 7 0
4 8 [2][2]
$C064500000000001,4064788C757D9963
$406807FFFFFFFFFF,406CA00000000002
4 9 ->
5 10 [4][3]
$3FF,0,0
$0,BCEF72CECE675D2,BFF
$0,3FF,BCEF72CECE675D2
$0,406467738A8266B1,C064488C757D9968
4 11 ->
5 12 37
5 13 1
5 14 [2][2]
$C064500000000001,4064788C757D9963
$406807FFFFFFFFFF,406CA00000000002
4 15 NULL
4 16 39
4 17 -1
4 18 [2][3]
$C064500000000001,406467738A826695,3FF7FFFFFFFFFD6A
$406807FFFFFFFFFF,406467738A82669D,4050AEE71504CD35
3 3 ->
4 4 34
4 5 39
4 6 4
4 7 0
4 8 [2][2]
$C053F02EC319481A,40535260990FADB2
$3D1C0C31CE53116,406230A3D70A3D73
4 9 ->
5 10 [4][3]
$0,0,3FF
$3FF,BCEF72CECE675D2,0
$3CEF72CECE675D2,3FF,0
$406807FFFFFFFFFF,406467738A8266A6,C053B260990FADB1
4 11 ->
5 12 41
5 13 1
5 14 [2][2]
$C053F02EC319481A,40535260990FADB2
$3D1C0C31CE53116,406230A3D70A3D73
4 15 NULL
4 16 43
4 17 1
4 18 [2][3]
$406807FFFFFFFFFF,4054DEB851EB851F,BFF8000000000006
$4068080000000001,406467738A82669D,4050AEE71504CD35
3 3 ->
4 4 34
4 5 43
4 6 4
4 7 0
4 8 [2][2]
$3D17934057626C8,40785C463ABECCB5
$407467738A82669E,407CA00000000016
4 9 ->
5 10 [4][3]
$0,0,BFF
$BFF,BCEF72CECE675D2,8
$BCEF72CECE675D2,3FF,0
$C064500000000001,406467738A8266CE,C07874463ABECCB5
4 11 ->
5 12 45
5 13 1
5 14 [2][2]
$3D17934057626C8,40785C463ABECCB5
$407467738A82669E,407CA00000000016
4 15 NULL
4 16 47
4 17 1
4 18 [2][3]
$C064500000000003,C06467738A82669D,BFF8000000000006
$C064500000000001,406467738A82669D,4050AEE71504CD33
3 3 ->
4 4 34
4 5 47
4 6 4
4 7 0
4 8 [2][2]
$BA3B8474F49A717C,0
$3FF8,40762C
4 9 ->
5 10 [4][3]
$0,3FF,0
$BFF,0,BCEF72CECE675D2
$BCEF72CECE675D2,0,3FF
$C064500000000001,406467738A826695,4050AEE71504CD2E
4 11 ->
5 12 49
5 13 1
5 14 [2][2]
$BA3B8474F49A717C,0
$3FF8,40762C
4 15 NULL
4 16 51
4 17 1
4 18 [2][3]
$C064500000000001,406437738A826695,4050AEE71504CD2E
$406807FFFFFFFFFF,406467738A826695,4050AEE71504CD35
3 3 ->
4 4 34
4 5 51
4 6 4
4 7 0
4 8 [2][2]
$C064500000000001,4064788C757D9964
$406807FFFFFFFFFF,406CA00000000002
4 9 ->
5 10 [4][3]
$3FF,0,0
$0,BCEF72CECE675D2,BFF
$0,3FF,BCEF72CECE675D2
$0,406437738A8266B1,C064488C757D9968
4 11 ->
5 12 53
5 13 1
5 14 [2][2]
$C064500000000001,4064788C757D9964
$406807FFFFFFFFFF,406CA00000000002
4 15 NULL
4 16 55
4 17 1
4 18 [2][3]
$C064500000000001,406437738A826695,3FF7FFFFFFFFFE12
$406807FFFFFFFFFF,406437738A82669D,4050AEE71504CD35
3 3 ->
4 4 34
4 5 55
4 6 4
4 7 0
4 8 [2][2]
$C0510EE71504CD33,C053F02EC319481B
$3CD8,0
4 9 ->
5 10 [4][3]
$8,0,3FF
$0,3FF,0
$BFF,0,8
$406807FFFFFFFFFF,C054DEB851EB851F,BFF8
4 11 ->
5 12 57
5 13 1
5 14 [2][2]
$C0510EE71504CD33,C053F02EC319481B
$3CD8,0
4 15 NULL
4 16 59
4 17 1
4 18 [2][3]
$406807FFFFFFFFFF,C06467738A82669E,BFF8000000000006
$406807FFFFFFFFFF,C054DEB851EB851F,4050AEE71504CD33
3 3 ->
4 4 34
4 5 59
4 6 4
4 7 0
4 8 [2][2]
$0,0
$3FF8,4033FFFFFFFFFFF8
4 9 ->
5 10 [4][3]
$0,3FF,0
$8,0,3FF
$3FF,8,0
$406588,C054DEB851EB851F,BFF8
4 11 ->
5 12 61
5 13 1
5 14 [2][2]
$0,0
$3FF8,4033FFFFFFFFFFF8
4 15 NULL
4 16 63
4 17 1
4 18 [2][3]
$406588,C054DEB851EB851F,BFF8
$406807FFFFFFFFFF,C054DEB851EB851F,0
3 3 ->
4 4 34
4 5 63
4 6 4
4 7 0
4 8 [2][2]
$0,0
$40296636ECA723D8,3FF8
4 9 ->
5 10 [4][3]
$BFE6A09E667F3BDC,0,3FE6A09E667F3BBD
$3FE6A09E667F3BBE,0,3FE6A09E667F3BDB
$0,3FF,8
$406588,C054DEB851EB851F,BFF8
4 11 ->
5 12 65
5 13 1
5 14 [2][2]
$0,0
$40296636ECA723D8,3FF8
4 15 NULL
4 16 67
4 17 1
4 18 [2][3]
$406468A3D70A3D6F,C054DEB851EB851F,BFF8
$406588,C052A,0
3 3 ->
4 4 34
4 5 67
4 6 4
4 7 0
4 8 [2][2]
$0,0
$40296636ECA723D8,3FF8
4 9 ->
5 10 [4][3]
$3FE6A09E667F3BDC,8,3FE6A09E667F3BBD
$3FE6A09E667F3BBE,0,BFE6A09E667F3BDB
$0,3FF,0
$406468A3D70A3D6F,C052A,BFF8
4 11 ->
5 12 69
5 13 1
5 14 [2][2]
$0,0
$40296636ECA723D8,3FF8
4 15 NULL
4 16 71
4 17 1
4 18 [2][3]
$406468A3D70A3D6F,C052A,BFF8
$406588,C0506147AE147AE1,0
3 3 ->
4 4 34
4 5 71
4 6 4
4 7 0
4 8 [2][2]
$0,0
$4034,3FF8
4 9 ->
5 10 [4][3]
$3FF,8,3CF2BFFFFFFFFFFC
$3CF2BFFFFFFFFFFC,0,BFF
$0,3FF,0
$406588,C0506147AE147AE1,BFF8
4 11 ->
5 12 73
5 13 1
5 14 [2][2]
$0,0
$4034,3FF8
4 15 NULL
4 16 75
4 17 1
4 18 [2][3]
$406588,C0506147AE147AE1,BFF8
$406808,C0506147AE147ADB,0
3 3 ->
4 4 34
4 5 75
4 6 4
4 7 0
4 8 [2][2]
$C0606147AE147ADE,0
$0,3FF8
4 9 ->
5 10 [4][3]
$BCAE86686686686D,0,3FF
$3FF,0,3CAE86686686686D
$0,3FF,8
$406807FFFFFFFFFF,40506147AE147AE1,BFF8
4 11 ->
5 12 77
5 13 1
5 14 [2][2]
$C0606147AE147ADE,0
$0,3FF8
4 15 NULL
4 16 79
4 17 1
4 18 [2][3]
$406807FFFFFFFFFF,C0506147AE147ADB,BFF8
$406808,40506147AE147AE1,0
3 3 ->
4 4 34
4 5 79
4 6 4
4 7 0
4 8 [2][2]
$0,0
$3FF8,4033FFFFFFFFFFF8
4 9 ->
5 10 [4][3]
$0,3FF,0
$8,0,3FF
$3FF,8,0
$406588,40506147AE147AE1,BFF8
4 11 ->
5 12 81
5 13 1
5 14 [2][2]
$0,0
$3FF8,4033FFFFFFFFFFF8
4 15 NULL
4 16 83
4 17 1
4 18 [2][3]
$406588,40506147AE147AE1,BFF8
$406807FFFFFFFFFF,40506147AE147AE1,0
3 3 ->
4 4 34
4 5 83
4 6 4
4 7 0
4 8 [2][2]
$C0296636ECA723D8,0
$0,3FF8
4 9 ->
5 10 [4][3]
$BFE6A09E667F3BDC,0,3FE6A09E667F3BBD
$3FE6A09E667F3BBE,0,3FE6A09E667F3BDB
$0,3FF,8
$406468A3D70A3D6F,4052A,BFF8
4 11 ->
5 12 85
5 13 1
5 14 [2][2]
$C0296636ECA723D8,0
$0,3FF8
4 15 NULL
4 16 87
4 17 1
4 18 [2][3]
$406468A3D70A3D6F,40506147AE147AE1,BFF8
$406588,4052A,0
3 3 ->
4 4 34
4 5 87
4 6 4
4 7 0
4 8 [2][2]
$C0296636ECA723D8,0
$0,3FF8
4 9 ->
5 10 [4][3]
$3FE6A09E667F3BDC,8,3FE6A09E667F3BBD
$3FE6A09E667F3BBE,0,BFE6A09E667F3BDB
$0,3FF,0
$406588,4054DEB851EB851F,BFF8
4 11 ->
5 12 89
5 13 1
5 14 [2][2]
$C0296636ECA723D8,0
$0,3FF8
4 15 NULL
4 16 91
4 17 1
4 18 [2][3]
$406468A3D70A3D6F,4052A,BFF8
$406588,4054DEB851EB851F,0
3 3 ->
4 4 34
4 5 91
4 6 4
4 7 0
4 8 [2][2]
$BFF8,0
$0,4033FFFFFFFFFFF8
4 9 ->
5 10 [4][3]
$0,3FF,0
$8,0,BFF
$BFF,0,0
$406588,4054DEB851EB851F,BFF8
4 11 ->
5 12 93
5 13 1
5 14 [2][2]
$BFF8,0
$0,4033FFFFFFFFFFF8
4 15 NULL
4 16 95
4 17 1
4 18 [2][3]
$406588,4054DEB851EB851F,BFF8
$406807FFFFFFFFFF,4054DEB851EB851F,0
3 3 ->
4 4 34
4 5 95
4 6 4
4 7 0
4 8 [2][2]
$C064500000000001,C06407738A82669D
$406808,406407738A82669E
4 9 ->
5 10 [4][3]
$3FF,8,0
$0,3FF,0
$8,0,3FF
$0,0,0
4 11 ->
5 12 97
5 13 1
5 14 [2][2]
$C064500000000001,C06407738A82669D
$406808,406407738A82669E
4 15 NULL
4 16 99
4 17 1
4 18 [2][3]
$C064500000000001,C06407738A82669D,0
$406808,406407738A82669E,0
3 3 ->
4 4 36
4 5 99
4 6 4
4 7 0
4 8 [2][2]
$0,40662CAA33105041
$3FF921FB54442D1A,4080A12A8CC41411
@srf_prim_ptr(cylinder) 19 0
4 19 ->
@local_sys 20 2
5 20 [4][3]
$0,0,3FF
$0,3FF,0
$BFF,0,8
$C0753E5519882821,406407738A82669D,3FF8
@radius 21 2
5 21 4008
4 11 ->
5 12 101
5 13 1
5 14 [2][2]
$0,40662CAA33105041
$3FF921FB54442D1A,4080A12A8CC41411
4 15 NULL
4 16 103
4 17 1
4 18 [2][3]
$C064500000000001,406407738A826698,BFF8000000000006
$4068080000000001,406467738A82669D,3FF8000000000006
3 3 ->
4 4 36
4 5 103
4 6 4
4 7 0
4 8 [2][2]
$0,40662CAA33105041
$3FF921FB54442D1C,4080A12A8CC4141
4 19 ->
5 20 [4][3]
$0,0,3FF
$0,3FF,0
$BFF,0,8
$C0753E5519882821,406407738A82669D,3FF8
5 21 3FF8
4 11 ->
5 12 105
5 13 1
5 14 [2][2]
$0,40662CAA33105041
$3FF921FB54442D1C,4080A12A8CC4141
4 15 NULL
4 16 107
4 17 -1
4 18 [2][3]
$C064500000000001,406407738A82669A,0
$406807FFFFFFFFFF,406437738A82669D,3FF8000000000006
3 3 ->
4 4 36
4 5 107
4 6 4
4 7 0
4 8 [2][2]
$400921FB54442D18,40662CAA33105041
$4012D97C7F3321E1,4080A12A8CC41411
4 19 ->
5 20 [4][3]
$0,8,BFF
$0,3FEFFFFFFFFFFFFF,8
$3FEFFFFFFFFFFFFF,0,0
$40771A551988282,C06407738A82669D,3FF8
5 21 4008
4 11 ->
5 12 109
5 13 1
5 14 [2][2]
$400921FB54442D18,40662CAA33105041
$4012D97C7F3321E1,4080A12A8CC41411
4 15 NULL
4 16 111
4 17 1
4 18 [2][3]
$C064500000000003,C06467738A82669E,BFF8000000000006
$406807FFFFFFFFFF,C06407738A82669D,3FF80000000000B4
3 3 ->
4 4 36
4 5 111
4 6 4
4 7 0
4 8 [2][2]
$400921FB54442D18,40662CAA33105041
$4012D97C7F3321D3,4080A12A8CC4141
4 19 ->
5 20 [4][3]
$0,8,BFF
$0,3FF,8
$3FF,0,0
$40771A551988282,C06407738A82669D,3FF8
5 21 3FF8
4 11 ->
5 12 113
5 13 1
5 14 [2][2]
$400921FB54442D18,40662CAA33105041
$4012D97C7F3321D3,4080A12A8CC4141
4 15 NULL
4 16 115
4 17 -1
4 18 [2][3]
$C064500000000001,C06437738A82669E,0
$406807FFFFFFFFFF,C06407738A82669D,3FF8000000000006
3 3 ->
4 4 34
4 5 115
4 6 4
4 7 0
4 8 [2][2]
$BFF8,C0745
$0,403DC
4 9 ->
5 10 [4][3]
$0,3FF,0
$BFF,0,3CEF72CECE675D2
$3CEF72CECE675D2,8,3FF
$40644FFFFFFFFFFF,C06467738A826696,4050AEE71504CD33
4 11 ->
5 12 117
5 13 1
5 14 [2][2]
$BFF8,C0745
$0,403DC
4 15 NULL
4 16 119
4 17 1
4 18 [2][3]
$C064500000000001,C06467738A826696,4050AEE71504CD33
$406807FFFFFFFFFF,C06437738A826696,4050AEE71504CD33
3 3 ->
4 4 34
4 5 119
4 6 4
4 7 0
4 8 [2][2]
$C064500000000003,C06CA00000000002
$406807FFFFFFFFFF,C064788C757D9968
4 9 ->
5 10 [4][3]
$3FF,0,0
$0,BCEF72CECE675D2,3FF
$0,BFF,BCEF72CECE675D2
$0,C06467738A8266B2,C064488C757D9969
4 11 ->
5 12 121
5 13 1
5 14 [2][2]
$C064500000000003,C06CA00000000002
$406807FFFFFFFFFF,C064788C757D9968
4 15 NULL
4 16 123
4 17 -1
4 18 [2][3]
$C064500000000003,C06467738A82669E,3FF7FFFFFFFFFF89
$406807FFFFFFFFFF,C06467738A826696,4050AEE71504CD33
3 3 ->
4 4 34
4 5 123
4 6 4
4 7 0
4 8 [2][2]
$C064500000000001,C06CA00000000002
$406807FFFFFFFFFF,C064788C757D9967
4 9 ->
5 10 [4][3]
$3FF,0,0
$0,BCEF72CECE675D2,3FF
$0,BFF,BCEF72CECE675D2
$0,C06437738A8266B2,C064488C757D9969
4 11 ->
5 12 125
5 13 1
5 14 [2][2]
$C064500000000001,C06CA00000000002
$406807FFFFFFFFFF,C064788C757D9967
4 15 NULL
4 16 0
4 17 1
4 18 [2][3]
$C064500000000001,C06437738A82669E,3FF7FFFFFFFFFF0C
$406807FFFFFFFFFF,C06437738A826696,4050AEE71504CD33
@crv_array 22 0
2 22 [132]
3 22 ->
@crv_id 23 1
4 23 34
@feat_id 24 1
4 24 4
@type 25 1
4 25 0
@crv_pnt_dir 26 1
4 26 [2]
$1,-1
@crv_pnt_arr 27 2
4 27 [2][4]
$0,0,406807FFFFFFFFFF,C054DEB851EB851F
$8,C053302EC319481B,406807FFFFFFFFFF,C06407738A82669D
@crv_hdr_geom_ptr[0] 28 1
4 28 56
@crv_hdr_geom_ptr[1] 29 1
4 29 32
@next_crv_hdr_ptr[0] 30 1
4 30 128
@next_crv_hdr_ptr[1] 31 1
4 31 130
@ref_geom[0] 32 1
4 32 0
@ref_geom[1] 33 1
4 33 0
3 22 ->
4 23 33
4 24 4
4 25 0
4 26 [2]
$1,-1
4 27 [2][4]
$0,0,406807FFFFFFFFFF,C054DEB851EB851F
$8,C053302EC319481B,406807FFFFFFFFFF,C06407738A82669D
4 28 55
4 29 31
4 30 127
4 31 129
4 32 0
4 33 0
3 22 ->
4 23 132
4 24 4
4 25 0
4 26 [2]
$1,-1
4 27 [2][4]
$C064500000000003,C06407738A82669D,400921FB54442D18,4080A12A8CC41411
$406807FFFFFFFFFF,C06407738A82669D,400921FB54442D18,40662CAA33105041
4 28 32
4 29 108
4 30 34
4 31 110
4 32 0
4 33 0
3 22 ->
4 23 131
4 24 4
4 25 0
4 26 [2]
$1,-1
4 27 [2][4]
$C064500000000003,C06407738A82669D,400921FB54442D18,4080A12A8CC41411
$406807FFFFFFFFFF,C06407738A82669D,400921FB54442D18,40662CAA33105041
4 28 31
4 29 107
4 30 33
4 31 109
4 32 0
4 33 0
3 22 ->
4 23 134
4 24 4
4 25 0
4 26 [2]
$1,-1
4 27 [2][4]
$407437738A82669E,40785C463ABECCC9,C064500000000001,C06407738A82669E
$4008000000000248,40785C463ABECCB5,C064500000000001,406407738A826695
4 28 44
4 29 32
4 30 102
4 31 132
4 32 0
4 33 0
3 22 ->
4 23 133
4 24 4
4 25 0
4 26 [2]
$1,-1
4 27 [2][4]
$407437738A82669E,40785C463ABECCC9,C064500000000001,C06407738A82669E
$4008000000000248,40785C463ABECCB5,C064500000000001,406407738A826695
4 28 43
4 29 31
4 30 101
4 31 131
4 32 0
4 33 0
3 22 ->
4 23 136
4 24 4
4 25 0
4 26 [2]
$1,-1
4 27 [2][4]
$0,40662CAA33105041,C064500000000001,406407738A82669D
$0,4080A12A8CC41411,4068080000000001,406407738A82669D
4 28 100
4 29 32
4 30 138
4 31 134
4 32 0
4 33 0
3 22 ->
4 23 135
4 24 4
4 25 0
4 26 [2]
$1,-1
4 27 [2][4]
$0,40662CAA33105041,C064500000000001,406407738A82669D
$0,4080A12A8CC41411,4068080000000001,406407738A82669D
4 28 99
4 29 31
4 30 137
4 31 133
4 32 0
4 33 0
3 22 ->
4 23 140
4 24 4
4 25 0
4 26 [2]
$1,-1
4 27 [2][4]
$C007FFFFFFFFFFE,40535260990FADB2,406807FFFFFFFFFF,406407738A82669D
$C053F02EC319481A,40535260990FADC5,406807FFFFFFFFFF,4054DEB851EB851F
4 28 40
4 29 32
4 30 142
4 31 136
4 32 0
4 33 0
3 22 ->
4 23 139
4 24 4
4 25 0
4 26 [2]
$1,-1
4 27 [2][4]
$C007FFFFFFFFFFE,40535260990FADB2,406807FFFFFFFFFF,406407738A82669D
$C053F02EC319481A,40535260990FADC5,406807FFFFFFFFFF,4054DEB851EB851F
4 28 39
4 29 31
4 30 141
4 31 135
4 32 0
4 33 0
3 22 ->
4 23 144
4 24 4
4 25 0
4 26 [2]
$1,-1
4 27 [2][4]
$0,4033FFFFFFFFFFF8,406807FFFFFFFFFF,4054DEB851EB851F
$0,0,406588,4054DEB851EB851F
4 28 92
4 29 32
4 30 146
4 31 140
4 32 0
4 33 0
3 22 ->
4 23 143
4 24 4
4 25 0
4 26 [2]
$1,-1
4 27 [2][4]
$0,4033FFFFFFFFFFF8,406807FFFFFFFFFF,4054DEB851EB851F
$0,0,406588,4054DEB851EB851F
4 28 91
4 29 31
4 30 145
4 31 139
4 32 0
4 33 0
3 22 ->
4 23 148
4 24 4
4 25 0
4 26 [2]
$1,-1
4 27 [2][4]
$0,0,406588,4054DEB851EB851F
$C0296636ECA723D8,0,406468A3D70A3D6F,4052A
4 28 88
4 29 32
4 30 150
4 31 144
4 32 0
4 33 0
3 22 ->
4 23 147
4 24 4
4 25 0
4 26 [2]
$1,-1
4 27 [2][4]
$0,0,406588,4054DEB851EB851F
$C0296636ECA723D8,0,406468A3D70A3D6F,4052A
4 28 87
4 29 31
4 30 149
4 31 143
4 32 0
4 33 0
3 22 ->
4 23 152
4 24 4
4 25 0
4 26 [2]
$1,-1
4 27 [2][4]
$0,0,406468A3D70A3D6F,4052A
$C0296636ECA723D8,0,406588,40506147AE147AE1
4 28 84
4 29 32
4 30 154
4 31 148
4 32 0
4 33 0
3 22 ->
4 23 151
4 24 4
4 25 0
4 26 [2]
$1,-1
4 27 [2][4]
$0,0,406468A3D70A3D6F,4052A
$C0296636ECA723D8,0,406588,40506147AE147AE1
4 28 83
4 29 31
4 30 153
4 31 147
4 32 0
4 33 0
3 22 ->
4 23 156
4 24 4
4 25 0
4 26 [2]
$1,-1
4 27 [2][4]
$0,0,406588,40506147AE147AE1
$0,4033FFFFFFFFFFF8,406807FFFFFFFFFF,40506147AE147AE1
4 28 80
4 29 32
4 30 158
4 31 152
4 32 0
4 33 0
3 22 ->
4 23 155
4 24 4
4 25 0
4 26 [2]
$1,-1
4 27 [2][4]
$0,0,406588,40506147AE147AE1
$0,4033FFFFFFFFFFF8,406807FFFFFFFFFF,40506147AE147AE1
4 28 79
4 29 31
4 30 157
4 31 151
4 32 0
4 33 0
3 22 ->
4 23 160
4 24 4
4 25 0
4 26 [2]
$1,-1
4 27 [2][4]
$0,0,406807FFFFFFFFFF,40506147AE147AE1
$C0606147AE147ADE,0,406808,C0506147AE147ADB
4 28 76
4 29 32
4 30 162
4 31 156
4 32 0
4 33 0
3 22 ->
4 23 159
4 24 4
4 25 0
4 26 [2]
$1,-1
4 27 [2][4]
$0,0,406807FFFFFFFFFF,40506147AE147AE1
$C0606147AE147ADE,0,406808,C0506147AE147ADB
4 28 75
4 29 31
4 30 161
4 31 155
4 32 0
4 33 0
3 22 ->
4 23 164
4 24 4
4 25 0
4 26 [2]
$1,-1
4 27 [2][4]
$4034,0,406808,C0506147AE147ADB
$0,0,406588,C0506147AE147AE1
4 28 72
4 29 32
4 30 166
4 31 160
4 32 0
4 33 0
3 22 ->
4 23 163
4 24 4
4 25 0
4 26 [2]
$1,-1
4 27 [2][4]
$4034,0,406808,C0506147AE147ADB
$0,0,406588,C0506147AE147AE1
4 28 71
4 29 31
4 30 165
4 31 159
4 32 0
4 33 0
3 22 ->
4 23 168
4 24 4
4 25 0
4 26 [2]
$1,-1
4 27 [2][4]
$40296636ECA723D8,0,406588,C0506147AE147AE1
$0,0,406468A3D70A3D6F,C052A
4 28 68
4 29 32
4 30 170
4 31 164
4 32 0
4 33 0
3 22 ->
4 23 167
4 24 4
4 25 0
4 26 [2]
$1,-1
4 27 [2][4]
$40296636ECA723D8,0,406588,C0506147AE147AE1
$0,0,406468A3D70A3D6F,C052A
4 28 67
4 29 31
4 30 169
4 31 163
4 32 0
4 33 0
3 22 ->
4 23 172
4 24 4
4 25 0
4 26 [2]
$1,-1
4 27 [2][4]
$40296636ECA723D8,0,406468A3D70A3D6F,C052A
$0,0,406588,C054DEB851EB851F
4 28 64
4 29 32
4 30 174
4 31 168
4 32 0
4 33 0
3 22 ->
4 23 171
4 24 4
4 25 0
4 26 [2]
$1,-1
4 27 [2][4]
$40296636ECA723D8,0,406468A3D70A3D6F,C052A
$0,0,406588,C054DEB851EB851F
4 28 63
4 29 31
4 30 173
4 31 167
4 32 0
4 33 0
3 22 ->
4 23 130
4 24 4
4 25 0
4 26 [2]
$1,-1
4 27 [2][4]
$0,0,406588,C054DEB851EB851F
$0,4033FFFFFFFFFFF8,406807FFFFFFFFFF,C054DEB851EB851F
4 28 60
4 29 32
4 30 176
4 31 172
4 32 0
4 33 0
3 22 ->
4 23 129
4 24 4
4 25 0
4 26 [2]
$1,-1
4 27 [2][4]
$0,0,406588,C054DEB851EB851F
$0,4033FFFFFFFFFFF8,406807FFFFFFFFFF,C054DEB851EB851F
4 28 59
4 29 31
4 30 175
4 31 171
4 32 0
4 33 0
3 22 ->
4 23 38
4 24 4
4 25 0
4 26 [2]
$1,-1
4 27 [2][4]
$3D1C0C31CE53116,406230A3D70A3D73,406807FFFFFFFFFF,406CA00000000002
$3D1B9D0C42D74DD,40541260990FADB1,406807FFFFFFFFFF,4064788C757D9968
4 28 40
4 29 36
4 30 138
4 31 178
4 32 0
4 33 0
3 22 ->
4 23 37
4 24 4
4 25 0
4 26 [2]
$1,-1
4 27 [2][4]
$3D1C0C31CE53116,406230A3D70A3D73,406807FFFFFFFFFF,406CA00000000002
$3D1B9D0C42D74DD,40541260990FADB1,406807FFFFFFFFFF,4064788C757D9968
4 28 39
4 29 35
4 30 137
4 31 177
4 32 0
4 33 0
3 22 ->
4 23 180
4 24 4
4 25 0
4 26 [2]
$1,-1
4 27 [2][4]
$C064500000000001,4064788C757D9968,3FF921FB54442D1A,40662CAA33105041
$406807FFFFFFFFFF,4064788C757D9968,3FF921FB54442D1A,4080A12A8CC4141
4 28 36
4 29 100
4 30 38
4 31 102
4 32 0
4 33 0
3 22 ->
4 23 179
4 24 4
4 25 0
4 26 [2]
$1,-1
4 27 [2][4]
$C064500000000001,4064788C757D9968,3FF921FB54442D1A,40662CAA33105041
$406807FFFFFFFFFF,4064788C757D9968,3FF921FB54442D1A,4080A12A8CC4141
4 28 35
4 29 99
4 30 37
4 31 101
4 32 0
4 33 0
3 22 ->
4 23 46
4 24 4
4 25 0
4 26 [2]
$1,-1
4 27 [2][4]
$BCFFF66874873C,40788C463ABECCB,C064500000000001,4064788C757D995E
$3D17934057626D,407C9FFFFFFFFFFE,C064500000000001,406C9FFFFFFFFFFB
4 28 44
4 29 36
4 30 182
4 31 180
4 32 0
4 33 0
3 22 ->
4 23 45
4 24 4
4 25 0
4 26 [2]
$1,-1
4 27 [2][4]
$BCFFF66874873C,40788C463ABECCB,C064500000000001,4064788C757D995E
$3D17934057626D,407C9FFFFFFFFFFE,C064500000000001,406C9FFFFFFFFFFB
4 28 43
4 29 35
4 30 181
4 31 179
4 32 0
4 33 0
3 22 ->
4 23 178
4 24 4
4 25 0
4 26 [2]
$1,-1
4 27 [2][4]
$0,0,C064500000000001,406C9FFFFFFFFFD4
$0,40762C,406807FFFFFFFFFF,406CA00000000002
4 28 48
4 29 36
4 30 184
4 31 46
4 32 0
4 33 0
3 22 ->
4 23 177
4 24 4
4 25 0
4 26 [2]
$1,-1
4 27 [2][4]
$0,0,C064500000000001,406C9FFFFFFFFFD4
$0,40762C,406807FFFFFFFFFF,406CA00000000002
4 28 47
4 29 35
4 30 183
4 31 45
4 32 0
4 33 0
3 22 ->
4 23 42
4 24 4
4 25 0
4 26 [2]
$1,-1
4 27 [2][4]
$406807FFFFFFFFFF,406CA00000000002,BFF7FFFFFFFFFF9,406230A3D70A3D73
$406807FFFFFFFFFF,4064788C757D9968,BFF7FFFFFFFFFF92,40541260990FADB1
4 28 52
4 29 40
4 30 54
4 31 184
4 32 0
4 33 0
3 22 ->
4 23 41
4 24 4
4 25 0
4 26 [2]
$1,-1
4 27 [2][4]
$406807FFFFFFFFFF,406CA00000000002,BFF7FFFFFFFFFF9,406230A3D70A3D73
$406807FFFFFFFFFF,4064788C757D9968,BFF7FFFFFFFFFF92,40541260990FADB1
4 28 51
4 29 39
4 30 53
4 31 183
4 32 0
4 33 0
3 22 ->
4 23 186
4 24 4
4 25 0
4 26 [2]
$1,-1
4 27 [15][4]
$C007FFFFFFFFFF95,4053B260990FADB2,3D15555555555555,4080A12A8CC41411
$C0073FC321C447D5,4053B290C398EC94,3FB007C0EF895CD,4080A12A8CC41411
$C005D0221D0634D4,4053B3FC2EF510FA,3FC7757999E092BE,4080A12A8CC41411
$C00468A506179114,4053B6C6F2CBE461,3FD373895DFE3B95,4080A12A8CC41411
$C0030E85F27D0C54,4053BAE6AAA026,3FDB2C55EF0C2EED,4080A12A8CC41411
$C001C6CD365BAB93,4053C04BFCDD36C7,3FE17291400D1162,4080A12A8CC41411
$C000963EA9122C92,4053C6E2D3F9BBFB,3FE54EF788940A45,4080A12A8CC41411
$BFFF028FD17D5B22,4053CE92A9396275,3FE92B5DD11B045C,4080A12A8CC41411
$BFFD17DFBD6A432,4053D73EDFF78016,3FED07C419A1FD7C,4080A12A8CC41411
$BFFB738F8480DF9E,4053E0C73026C59F,3FF0721531147BA3,4080A12A8CC41411
$BFFA1BBBA2F2779B,4053EB081E799863,3FF260485557F866,4080A12A8CC41411
$BFF91563E33D3B19,4053F5DB8073D3EE,3FF44E7B799B7532,4080A12A8CC41411
$BFF86458C28D0E96,405401190A7A5D7D,3FF63CAE9DDEF1F7,4080A12A8CC41411
$BFF80B2D3E0EC793,40540C96E5CFC242,3FF82AE1C2226EBA,4080A12A8CC41411
$BFF7FFFFFFFFFF92,40541260990FADB1,3FF921FB54442D1D,4080A12A8CC41411
4 28 40
4 29 104
4 30 42
4 31 188
4 32 0
4 33 0
3 22 ->
4 23 185
4 24 4
4 25 0
4 26 [2]
$1,-1
4 27 [15][4]
$C007FFFFFFFFFF95,4053B260990FADB2,3D15555555555555,4080A12A8CC41411
$C0073FC321C447D5,4053B290C398EC94,3FB007C0EF895CD,4080A12A8CC41411
$C005D0221D0634D4,4053B3FC2EF510FA,3FC7757999E092BE,4080A12A8CC41411
$C00468A506179114,4053B6C6F2CBE461,3FD373895DFE3B95,4080A12A8CC41411
$C0030E85F27D0C54,4053BAE6AAA026,3FDB2C55EF0C2EED,4080A12A8CC41411
$C001C6CD365BAB93,4053C04BFCDD36C7,3FE17291400D1162,4080A12A8CC41411
$C000963EA9122C92,4053C6E2D3F9BBFB,3FE54EF788940A45,4080A12A8CC41411
$BFFF028FD17D5B22,4053CE92A9396275,3FE92B5DD11B045C,4080A12A8CC41411
$BFFD17DFBD6A432,4053D73EDFF78016,3FED07C419A1FD7C,4080A12A8CC41411
$BFFB738F8480DF9E,4053E0C73026C59F,3FF0721531147BA3,4080A12A8CC41411
$BFFA1BBBA2F2779B,4053EB081E799863,3FF260485557F866,4080A12A8CC41411
$BFF91563E33D3B19,4053F5DB8073D3EE,3FF44E7B799B7532,4080A12A8CC41411
$BFF86458C28D0E96,405401190A7A5D7D,3FF63CAE9DDEF1F7,4080A12A8CC41411
$BFF80B2D3E0EC793,40540C96E5CFC242,3FF82AE1C2226EBA,4080A12A8CC41411
$BFF7FFFFFFFFFF92,40541260990FADB1,3FF921FB54442D1D,4080A12A8CC41411
4 28 39
4 29 103
4 30 41
4 31 187
4 32 0
4 33 0
3 22 ->
4 23 190
4 24 4
4 25 0
4 26 [2]
$1,-1
4 27 [2][4]
$406807FFFFFFFFFF,406407738A82669E,C007FFFFFFFFFF95,4053B260990FADB2
$406807FFFFFFFFFF,4054DEB851EB851F,C053F02EC319481A,4053B260990FADC5
4 28 96
4 29 40
4 30 94
4 31 186
4 32 0
4 33 0
3 22 ->
4 23 189
4 24 4
4 25 0
4 26 [2]
$1,-1
4 27 [2][4]
$406807FFFFFFFFFF,406407738A82669E,C007FFFFFFFFFF95,4053B260990FADB2
$406807FFFFFFFFFF,4054DEB851EB851F,C053F02EC319481A,4053B260990FADC5
4 28 95
4 29 39
4 30 93
4 31 185
4 32 0
4 33 0
3 22 ->
4 23 142
4 24 4
4 25 0
4 26 [2]
$1,-1
4 27 [2][4]
$BFF8,4033FFFFFFFFFFF8,C053F02EC319481A,4053B260990FADC5
$0,4033FFFFFFFFFFF8,C053F02EC319481A,40535260990FADC5
4 28 92
4 29 40
4 30 144
4 31 190
4 32 0
4 33 0
3 22 ->
4 23 141
4 24 4
4 25 0
4 26 [2]
$1,-1
4 27 [2][4]
$BFF8,4033FFFFFFFFFFF8,C053F02EC319481A,4053B260990FADC5
$0,4033FFFFFFFFFFF8,C053F02EC319481A,40535260990FADC5
4 28 91
4 29 39
4 30 143
4 31 189
4 32 0
4 33 0
3 22 ->
4 23 138
4 24 4
4 25 0
4 26 [2]
$1,-1
4 27 [20][4]
$0,4080A12A8CC41411,C007FFFFFFFFFFE,40535260990FADB2
$3FB3EAFFFFF9B7BF,4080A12A8CC41411,C00622736E4CA9A,405352F54B7F9287
$3FC4E110268299E,4080A12A8CC41411,C0041A3D36B986A,405354ED0ECB9E1A
$3FCFCCA04D0859AD,4080A12A8CC41411,C0021948FACB452,405358459BA29E51
$3FD55C1839C70BDE,4080A12A8CC41411,C0002351ED5E781F,40535CF8B6FDA561
$3FDAD1E04D09EB95,4080A12A8CC41411,BFFC77FD9579C93D,405362FDA07E5C3E
$3FE023D430266547,4080A12A8CC41411,BFF8CDB617FD893B,40536A4922BAEAFE
$3FE2DEB839C7D4EA,4080A12A8CC41411,BFF54EA09A60B139,405372CDA81D41FF
$3FE5999C436944DD,4080A12A8CC41411,BFF2013FE50D2536,40537C7B542EE5AE
$3FE854804D0AB4BF,4080A12A8CC41411,BFEDD77461E0B567,4053874021222207
$3FEB0F6456AC24A5,4080A12A8CC41411,BFE8279B68144362,405393080161A5C1
$3FEDCA48604D941A,4080A12A8CC41411,BFE2FD8BDF55AF5B,40539FBD04E8062E
$3FF0429634F781F7,4080A12A8CC41411,BFDCC5C7512C72AA,4053AD478219A2A2
$3FF1A00839C839C8,4080A12A8CC41411,BFD4C06B3565CA9C,4053BB8E41D4D519
$3FF2FD7A3E98F1A7,4080A12A8CC41411,BFCBF3E62D51291A,4053CA76AE6662BB
$3FF45AEC4369A987,4080A12A8CC41411,BFC0FDF99B3794FB,4053D9E5050ABC5F
$3FF5B85E483A616B,4080A12A8CC41411,BFB166F38712F9B8,4053E9BC899FDF72
$3FF715D04D0B194C,4080A12A8CC41411,BF991EB88997A5E4,4053F9DFBC2793D2
$3FF8734251DBD129,4080A12A8CC41411,BF665B22C011271E,40540A308FB66265
$3FF921FB54442D19,4080A12A8CC41411,3D1B9D0C42D74DD,40541260990FADB1
4 28 100
4 29 40
4 30 180
4 31 140
4 32 0
4 33 0
3 22 ->
4 23 137
4 24 4
4 25 0
4 26 [2]
$1,-1
4 27 [20][4]
$0,4080A12A8CC41411,C007FFFFFFFFFFE,40535260990FADB2
$3FB3EAFFFFF9B7BF,4080A12A8CC41411,C00622736E4CA9A,405352F54B7F9287
$3FC4E110268299E,4080A12A8CC41411,C0041A3D36B986A,405354ED0ECB9E1A
$3FCFCCA04D0859AD,4080A12A8CC41411,C0021948FACB452,405358459BA29E51
$3FD55C1839C70BDE,4080A12A8CC41411,C0002351ED5E781F,40535CF8B6FDA561
$3FDAD1E04D09EB95,4080A12A8CC41411,BFFC77FD9579C93D,405362FDA07E5C3E
$3FE023D430266547,4080A12A8CC41411,BFF8CDB617FD893B,40536A4922BAEAFE
$3FE2DEB839C7D4EA,4080A12A8CC41411,BFF54EA09A60B139,405372CDA81D41FF
$3FE5999C436944DD,4080A12A8CC41411,BFF2013FE50D2536,40537C7B542EE5AE
$3FE854804D0AB4BF,4080A12A8CC41411,BFEDD77461E0B567,4053874021222207
$3FEB0F6456AC24A5,4080A12A8CC41411,BFE8279B68144362,405393080161A5C1
$3FEDCA48604D941A,4080A12A8CC41411,BFE2FD8BDF55AF5B,40539FBD04E8062E
$3FF0429634F781F7,4080A12A8CC41411,BFDCC5C7512C72AA,4053AD478219A2A2
$3FF1A00839C839C8,4080A12A8CC41411,BFD4C06B3565CA9C,4053BB8E41D4D519
$3FF2FD7A3E98F1A7,4080A12A8CC41411,BFCBF3E62D51291A,4053CA76AE6662BB
$3FF45AEC4369A987,4080A12A8CC41411,BFC0FDF99B3794FB,4053D9E5050ABC5F
$3FF5B85E483A616B,4080A12A8CC41411,BFB166F38712F9B8,4053E9BC899FDF72
$3FF715D04D0B194C,4080A12A8CC41411,BF991EB88997A5E4,4053F9DFBC2793D2
$3FF8734251DBD129,4080A12A8CC41411,BF665B22C011271E,40540A308FB66265
$3FF921FB54442D19,4080A12A8CC41411,3D1B9D0C42D74DD,40541260990FADB1
4 28 99
4 29 39
4 30 179
4 31 139
4 32 0
4 33 0
3 22 ->
4 23 184
4 24 4
4 25 0
4 26 [2]
$1,-1
4 27 [2][4]
$BFF7FFFFFFFFFF9,406230A3D70A3D73,3FF8,40762C
$3D1C0C31CE53116,406230A3D70A3D73,0,40762C
4 28 40
4 29 48
4 30 38
4 31 50
4 32 0
4 33 0
3 22 ->
4 23 183
4 24 4
4 25 0
4 26 [2]
$1,-1
4 27 [2][4]
$BFF7FFFFFFFFFF9,406230A3D70A3D73,3FF8,40762C
$3D1C0C31CE53116,406230A3D70A3D73,0,40762C
4 28 39
4 29 47
4 30 37
4 31 49
4 32 0
4 33 0
3 22 ->
4 23 102
4 24 4
4 25 0
4 26 [2]
$1,-1
4 27 [20][4]
$3FF921FB54442C3C,40662CAA33105041,3D180265E2DE308,40788C463ABECCB2
$3FF7E34B544490D9,40662CAA33105041,3F82964DFC9AF1DA,4078888B219B6606
$3FF685D94F73D8FA,40662CAA33105041,3FA463ADDF835CF6,4078847AB52C3FC
$3FF528674AA32115,40662CAA33105041,3FB7940A4BC28EBA,40788078CCB4633D
$3FF3CAF545D2693B,40662CAA33105041,3FC5303BDBEF6B7C,40787C8CDE9989A3
$3FF26D834101B15,40662CAA33105041,3FD09D076EAE93CD,407878BE3854467C
$3FF110113C30F977,40662CAA33105041,3FD7E889AB3D53DB,40787513F0D6CA3C
$3FEF653E6EC08335,40662CAA33105041,3FE0368786CA2AF5,40787194DB592D64
$3FECAA5A651F135F,40662CAA33105041,3FE50D5D8F9C02FB,40786E477AA3D9D8
$3FE9EF765B7DA3A3,40662CAA33105041,3FEA6FC4093A3001,40786B31F4EFBD0E
$3FE7349251DC3444,40662CAA33105041,3FF029DA147E0603,4078685A0872D6D6
$3FE479AE483AC42F,40662CAA33105041,3FF3571AF6162206,407865C500AE778B
$3FE1BECA3E99548F,40662CAA33105041,3FF6B9BA427D3F08,40786377AC9317D1
$3FDE07CC69EFC92D,40662CAA33105041,3FFA4B6A3149DD0A,40786176558C2627
$3FD8920456ACEA0A,40662CAA33105041,3FFE058555AD458C,40785FC4B78476D9
$3FD31C3C436A0AC6,40662CAA33105041,4000F08D7F61D747,40785E65F9F233A7
$3FCB4CE8604E55CF,40662CAA33105041,4002EB7E120639C7,40785D5CA9F73DE4
$3FC0615839C8985E,40662CAA33105041,4004EFE462FCC587,40785CAAB5A0F313
$3FA5D7204D0B61CA,40662CAA33105041,4006F9FED4D69808,40785C5168502CBD
$BD2A8,40662CAA33105041,4008000000000188,40785C463ABECCB5
4 28 100
4 29 44
4 30 136
4 31 46
4 32 0
4 33 0
3 22 ->
4 23 101
4 24 4
4 25 0
4 26 [2]
$1,-1
4 27 [20][4]
$3FF921FB54442C3C,40662CAA33105041,3D180265E2DE308,40788C463ABECCB2
$3FF7E34B544490D9,40662CAA33105041,3F82964DFC9AF1DA,4078888B219B6606
$3FF685D94F73D8FA,40662CAA33105041,3FA463ADDF835CF6,4078847AB52C3FC
$3FF528674AA32115,40662CAA33105041,3FB7940A4BC28EBA,40788078CCB4633D
$3FF3CAF545D2693B,40662CAA33105041,3FC5303BDBEF6B7C,40787C8CDE9989A3
$3FF26D834101B15,40662CAA33105041,3FD09D076EAE93CD,407878BE3854467C
$3FF110113C30F977,40662CAA33105041,3FD7E889AB3D53DB,40787513F0D6CA3C
$3FEF653E6EC08335,40662CAA33105041,3FE0368786CA2AF5,40787194DB592D64
$3FECAA5A651F135F,40662CAA33105041,3FE50D5D8F9C02FB,40786E477AA3D9D8
$3FE9EF765B7DA3A3,40662CAA33105041,3FEA6FC4093A3001,40786B31F4EFBD0E
$3FE7349251DC3444,40662CAA33105041,3FF029DA147E0603,4078685A0872D6D6
$3FE479AE483AC42F,40662CAA33105041,3FF3571AF6162206,407865C500AE778B
$3FE1BECA3E99548F,40662CAA33105041,3FF6B9BA427D3F08,40786377AC9317D1
$3FDE07CC69EFC92D,40662CAA33105041,3FFA4B6A3149DD0A,40786176558C2627
$3FD8920456ACEA0A,40662CAA33105041,3FFE058555AD458C,40785FC4B78476D9
$3FD31C3C436A0AC6,40662CAA33105041,4000F08D7F61D747,40785E65F9F233A7
$3FCB4CE8604E55CF,40662CAA33105041,4002EB7E120639C7,40785D5CA9F73DE4
$3FC0615839C8985E,40662CAA33105041,4004EFE462FCC587,40785CAAB5A0F313
$3FA5D7204D0B61CA,40662CAA33105041,4006F9FED4D69808,40785C5168502CBD
$BD2A8,40662CAA33105041,4008000000000188,40785C463ABECCB5
4 28 99
4 29 43
4 30 135
4 31 45
4 32 0
4 33 0
3 22 ->
4 23 110
4 24 4
4 25 0
4 26 [2]
$1,-1
4 27 [20][4]
$400921FB54442D18,4080A12A8CC41411,407437738A82669E,40785C463ABECCC9
$4009C1535443FAEB,4080A12A8CC41411,40743B2EA3A5CD4A,40785C6B675AC5FE
$400A700C56AC56CB,4080A12A8CC41411,40743F3F1014F39,40785CE9582DC8E3
$400B1EC55914B2C9,4080A12A8CC41411,40744340F88CD014,40785DBF7B6388F1
$400BCD7E5B7D0EC1,4080A12A8CC41411,4074472CE6A7A9AE,40785EEC423A4AB5
$400C7C375DE56A8B,4080A12A8CC41411,40744AFB8CECECD4,4078606D7C9A786D
$400D2AF0604DC682,4080A12A8CC41411,40744EA5D46A6914,407862405D299C1C
$400DD9A962B62284,4080A12A8CC41411,40745224E9E805ED,407864617E8231DD
$400E8862651E7E6B,4080A12A8CC41411,407455724A9D5978,407866CCE9869AC9
$400F371B6786DA65,4080A12A8CC41411,40745887D0517643,4078697E1CC369DF
$400FE5D469EF364A,4080A12A8CC41411,40745B5FBCCE5C7C,40786C7014D34ACD
$40104A46B62BC92,4080A12A8CC41411,40745DF4C492BBC6,40786F9D55B4E2E9
$4010A1A3375FF71B,4080A12A8CC41411,4074604218AE1B81,407872FFF5014A06
$4010F8FFB894251,4080A12A8CC41411,407462436FB50D2B,40787691A4F016A4
$4011505C39C85305,4080A12A8CC41411,407463F50DBCBC78,40787A4BC0147A0C
$4011A7B8BAFC80FD,4080A12A8CC41411,40746553CB4EFFAA,40787E2755BD9075
$4011FF153C30AEF4,4080A12A8CC41411,4074665D1B49F56E,4078821D36E2D93A
$40125671BD64DCED,4080A12A8CC41411,4074670F0FA0403E,407886260384C652
$4012ADCE3E990AE5,4080A12A8CC41411,407467685CF10694,40788A3A386879F7
$4012D97C7F3321E1,4080A12A8CC41411,407467738A82669E,40788C463ABECCCA
4 28 108
4 29 44
4 30 122
4 31 134
4 32 0
4 33 0
3 22 ->
4 23 109
4 24 4
4 25 0
4 26 [2]
$1,-1
4 27 [20][4]
$400921FB54442D18,4080A12A8CC41411,407437738A82669E,40785C463ABECCC9
$4009C1535443FAEB,4080A12A8CC41411,40743B2EA3A5CD4A,40785C6B675AC5FE
$400A700C56AC56CB,4080A12A8CC41411,40743F3F1014F39,40785CE9582DC8E3
$400B1EC55914B2C9,4080A12A8CC41411,40744340F88CD014,40785DBF7B6388F1
$400BCD7E5B7D0EC1,4080A12A8CC41411,4074472CE6A7A9AE,40785EEC423A4AB5
$400C7C375DE56A8B,4080A12A8CC41411,40744AFB8CECECD4,4078606D7C9A786D
$400D2AF0604DC682,4080A12A8CC41411,40744EA5D46A6914,407862405D299C1C
$400DD9A962B62284,4080A12A8CC41411,40745224E9E805ED,407864617E8231DD
$400E8862651E7E6B,4080A12A8CC41411,407455724A9D5978,407866CCE9869AC9
$400F371B6786DA65,4080A12A8CC41411,40745887D0517643,4078697E1CC369DF
$400FE5D469EF364A,4080A12A8CC41411,40745B5FBCCE5C7C,40786C7014D34ACD
$40104A46B62BC92,4080A12A8CC41411,40745DF4C492BBC6,40786F9D55B4E2E9
$4010A1A3375FF71B,4080A12A8CC41411,4074604218AE1B81,407872FFF5014A06
$4010F8FFB894251,4080A12A8CC41411,407462436FB50D2B,40787691A4F016A4
$4011505C39C85305,4080A12A8CC41411,407463F50DBCBC78,40787A4BC0147A0C
$4011A7B8BAFC80FD,4080A12A8CC41411,40746553CB4EFFAA,40787E2755BD9075
$4011FF153C30AEF4,4080A12A8CC41411,4074665D1B49F56E,4078821D36E2D93A
$40125671BD64DCED,4080A12A8CC41411,4074670F0FA0403E,407886260384C652
$4012ADCE3E990AE5,4080A12A8CC41411,407467685CF10694,40788A3A386879F7
$4012D97C7F3321E1,4080A12A8CC41411,407467738A82669E,40788C463ABECCCA
4 28 107
4 29 43
4 30 121
4 31 133
4 32 0
4 33 0
3 22 ->
4 23 192
4 24 4
4 25 0
4 26 [2]
$1,-1
4 27 [2][4]
$407467738A826696,407CA00000000016,C064500000000001,C06CA00000000002
$407467738A82669E,40788C463ABECCCA,C064500000000001,C064788C757D996B
4 28 44
4 29 120
4 30 110
4 31 194
4 32 0
4 33 0
3 22 ->
4 23 191
4 24 4
4 25 0
4 26 [2]
$1,-1
4 27 [2][4]
$407467738A826696,407CA00000000016,C064500000000001,C06CA00000000002
$407467738A82669E,40788C463ABECCCA,C064500000000001,C064788C757D996B
4 28 43
4 29 119
4 30 109
4 31 193
4 32 0
4 33 0
3 22 ->
4 23 196
4 24 4
4 25 0
4 26 [2]
$1,-1
4 27 [2][4]
$40744F738A826696,407CA00000000016,BFF8,C0745
$407467738A826696,407CA00000000016,0,C0745
4 28 44
4 29 116
4 30 192
4 31 118
4 32 0
4 33 0
3 22 ->
4 23 195
4 24 4
4 25 0
4 26 [2]
$1,-1
4 27 [2][4]
$40744F738A826696,407CA00000000016,BFF8,C0745
$407467738A826696,407CA00000000016,0,C0745
4 28 43
4 29 115
4 30 191
4 31 117
4 32 0
4 33 0
3 22 ->
4 23 198
4 24 4
4 25 0
4 26 [2]
$1,-1
4 27 [2][4]
$C064500000000001,C06CA00000000002,40744F738A826696,407CA00000000016
$C064500000000001,C064788C757D996A,40744F738A82669E,40788C463ABECCCA
4 28 124
4 29 44
4 30 200
4 31 196
4 32 0
4 33 0
3 22 ->
4 23 197
4 24 4
4 25 0
4 26 [2]
$1,-1
4 27 [2][4]
$C064500000000001,C06CA00000000002,40744F738A826696,407CA00000000016
$C064500000000001,C064788C757D996A,40744F738A82669E,40788C463ABECCCA
4 28 123
4 29 43
4 30 199
4 31 195
4 32 0
4 33 0
3 22 ->
4 23 114
4 24 4
4 25 0
4 26 [2]
$1,-1
4 27 [15][4]
$407437738A82669E,407874463ABECCC9,400921FB54442D18,4080A12A8CC41411
$407438F4043EDE0E,4078745245611C81,4009A2395BC077FE,4080A12A8CC41411
$40743BD346485A34,407874AD2038259B,400A9952EDE23644,4080A12A8CC41411
$40743EA24076377B,4078755FD12DDA75,400B906C8003F48A,4080A12A8CC41411
$407441567E9D6C84,40787667BF22EADD,400C87861225B2F5,4080A12A8CC41411
$407443E5F015AF46,407877C113B22F0E,400D7E9FA447717,4080A12A8CC41411
$407446470D304244,40787966C979505B,400E75B936692FA9,4080A12A8CC41411
$40744870FAB0E942,40787B52BEC939FA,400F6CD2C88AEE2F,4080A12A8CC41411
$40744A5BAAC4FC5A,40787D7DCC78C162,401031F62D56563C,4080A12A8CC41411
$40744BFFFAFDE5BE,40787FDFE08492C5,4010AD82F6673574,4080A12A8CC41411
$40744D57CEDF7426,407882701C194776,4011290FBF7814A5,4080A12A8CC41411
$40744E5E269F2962,40788524F497D658,4011A49C8888F3D8,4080A12A8CC41411
$40744F0F31BFD98E,407887F4571978BC,401220295199D30A,4080A12A8CC41411
$40744F685D4457D6,40788AD3CDEED1ED,40129BB61AAAB23A,4080A12A8CC41411
$40744F738A82669E,40788C463ABECCC9,4012D97C7F3321D3,4080A12A8CC41411
4 28 44
4 29 112
4 30 198
4 31 98
4 32 0
4 33 0
3 22 ->
4 23 113
4 24 4
4 25 0
4 26 [2]
$1,-1
4 27 [15][4]
$407437738A82669E,407874463ABECCC9,400921FB54442D18,4080A12A8CC41411
$407438F4043EDE0E,4078745245611C81,4009A2395BC077FE,4080A12A8CC41411
$40743BD346485A34,407874AD2038259B,400A9952EDE23644,4080A12A8CC41411
$40743EA24076377B,4078755FD12DDA75,400B906C8003F48A,4080A12A8CC41411
$407441567E9D6C84,40787667BF22EADD,400C87861225B2F5,4080A12A8CC41411
$407443E5F015AF46,407877C113B22F0E,400D7E9FA447717,4080A12A8CC41411
$407446470D304244,40787966C979505B,400E75B936692FA9,4080A12A8CC41411
$40744870FAB0E942,40787B52BEC939FA,400F6CD2C88AEE2F,4080A12A8CC41411
$40744A5BAAC4FC5A,40787D7DCC78C162,401031F62D56563C,4080A12A8CC41411
$40744BFFFAFDE5BE,40787FDFE08492C5,4010AD82F6673574,4080A12A8CC41411
$40744D57CEDF7426,407882701C194776,4011290FBF7814A5,4080A12A8CC41411
$40744E5E269F2962,40788524F497D658,4011A49C8888F3D8,4080A12A8CC41411
$40744F0F31BFD98E,407887F4571978BC,401220295199D30A,4080A12A8CC41411
$40744F685D4457D6,40788AD3CDEED1ED,40129BB61AAAB23A,4080A12A8CC41411
$40744F738A82669E,40788C463ABECCC9,4012D97C7F3321D3,4080A12A8CC41411
4 28 43
4 29 111
4 30 197
4 31 97
4 32 0
4 33 0
3 22 ->
4 23 202
4 24 4
4 25 0
4 26 [2]
$1,-1
4 27 [2][4]
$C064500000000001,C06407738A82669E,407437738A82669E,407874463ABECCC9
$C064500000000001,406407738A826695,400800000000023C,407874463ABECCB5
4 28 96
4 29 44
4 30 188
4 31 114
4 32 0
4 33 0
3 22 ->
4 23 201
4 24 4
4 25 0
4 26 [2]
$1,-1
4 27 [2][4]
$C064500000000001,C06407738A82669E,407437738A82669E,407874463ABECCC9
$C064500000000001,406407738A826695,400800000000023C,407874463ABECCB5
4 28 95
4 29 43
4 30 187
4 31 113
4 32 0
4 33 0
3 22 ->
4 23 106
4 24 4
4 25 0
4 26 [2]
$1,-1
4 27 [15][4]
$3FF800000000006,40788C463ABECCB3,3FF921FB54442BCF,40662CAA33105041
$3FF80C0AA24FB962,40788AC5C1025545,3FF8217F454B9759,40662CAA33105041
$3FF866E57958D264,407887E67EF8D91F,3FF6334C21081AA1,40662CAA33105041
$3FF919966F0DAC67,4078851784CAFBD7,3FF44518FCC49DD1,40662CAA33105041
$3FFA2184641E146A,4078826346A3C6CE,3FF256E5D881211,40662CAA33105041
$3FFB7AD8F362456C,40787FD3D52B840C,3FF068B2B43DA471,40662CAA33105041
$3FFD208EBA8392EF,40787D72B810F10E,3FECF4FF1FF44F01,40662CAA33105041
$3FFF0C840A6D3171,40787B48CA904A1,3FE91898D76D55D3,40662CAA33105041
$40009BC8DCFA4CF9,4078795E1A7C36F8,3FE53C328EE65BCF,40662CAA33105041
$4001CCD2E2E2FE3A,407877B9CA434D95,3FE15FCC465F6224,40662CAA33105041
$400314F0AD3D56BB,40787661F661BF2D,3FDB06CBFBB0D105,40662CAA33105041
$40046F5CEC84C7FB,4078755B9EA209F,3FD34DFF6AA2DEB6,40662CAA33105041
$4005D70E2D55F9BC,407874AA938159C4,3FC72A65B329D83B,40662CAA33105041
$400746C99802927C,4078745167FCDB7D,3FAEE3324437C84D,40662CAA33105041
$400800000000003C,407874463ABECCB5,0,40662CAA33105041
4 28 44
4 29 104
4 30 202
4 31 54
4 32 0
4 33 0
3 22 ->
4 23 105
4 24 4
4 25 0
4 26 [2]
$1,-1
4 27 [15][4]
$3FF800000000006,40788C463ABECCB3,3FF921FB54442BCF,40662CAA33105041
$3FF80C0AA24FB962,40788AC5C1025545,3FF8217F454B9759,40662CAA33105041
$3FF866E57958D264,407887E67EF8D91F,3FF6334C21081AA1,40662CAA33105041
$3FF919966F0DAC67,4078851784CAFBD7,3FF44518FCC49DD1,40662CAA33105041
$3FFA2184641E146A,4078826346A3C6CE,3FF256E5D881211,40662CAA33105041
$3FFB7AD8F362456C,40787FD3D52B840C,3FF068B2B43DA471,40662CAA33105041
$3FFD208EBA8392EF,40787D72B810F10E,3FECF4FF1FF44F01,40662CAA33105041
$3FFF0C840A6D3171,40787B48CA904A1,3FE91898D76D55D3,40662CAA33105041
$40009BC8DCFA4CF9,4078795E1A7C36F8,3FE53C328EE65BCF,40662CAA33105041
$4001CCD2E2E2FE3A,407877B9CA434D95,3FE15FCC465F6224,40662CAA33105041
$400314F0AD3D56BB,40787661F661BF2D,3FDB06CBFBB0D105,40662CAA33105041
$40046F5CEC84C7FB,4078755B9EA209F,3FD34DFF6AA2DEB6,40662CAA33105041
$4005D70E2D55F9BC,407874AA938159C4,3FC72A65B329D83B,40662CAA33105041
$400746C99802927C,4078745167FCDB7D,3FAEE3324437C84D,40662CAA33105041
$400800000000003C,407874463ABECCB5,0,40662CAA33105041
4 28 43
4 29 103
4 30 201
4 31 53
4 32 0
4 33 0
3 22 ->
4 23 204
4 24 4
4 25 0
4 26 [2]
$1,-1
4 27 [2][4]
$C064500000000001,4064788C757D996,3FF7FFFFFFFFFFE,40788C463ABECCB1
$C064500000000001,406C9FFFFFFFFFFB,3FF800000000005E,407C9FFFFFFFFFFE
4 28 52
4 29 44
4 30 50
4 31 106
4 32 0
4 33 0
3 22 ->
4 23 203
4 24 4
4 25 0
4 26 [2]
$1,-1
4 27 [2][4]
$C064500000000001,4064788C757D996,3FF7FFFFFFFFFFE,40788C463ABECCB1
$C064500000000001,406C9FFFFFFFFFFB,3FF800000000005E,407C9FFFFFFFFFFE
4 28 51
4 29 43
4 30 49
4 31 105
4 32 0
4 33 0
3 22 ->
4 23 182
4 24 4
4 25 0
4 26 [2]
$1,-1
4 27 [2][4]
$3FF8,0,3FF800000000005E,407CA
$0,0,3D17934057626C8,407CA
4 28 48
4 29 44
4 30 178
4 31 204
4 32 0
4 33 0
3 22 ->
4 23 181
4 24 4
4 25 0
4 26 [2]
$1,-1
4 27 [2][4]
$3FF8,0,3FF800000000005E,407CA
$0,0,3D17934057626C8,407CA
4 28 47
4 29 43
4 30 177
4 31 203
4 32 0
4 33 0
3 22 ->
4 23 50
4 24 4
4 25 0
4 26 [2]
$1,-1
4 27 [2][4]
$C064500000000001,406C9FFFFFFFFFFF,3FF8,0
$406807FFFFFFFFFF,406C9FFFFFFFFFFF,3FF8,40762C
4 28 52
4 29 48
4 30 42
4 31 182
4 32 0
4 33 0
3 22 ->
4 23 49
4 24 4
4 25 0
4 26 [2]
$1,-1
4 27 [2][4]
$C064500000000001,406C9FFFFFFFFFFF,3FF8,0
$406807FFFFFFFFFF,406C9FFFFFFFFFFF,3FF8,40762C
4 28 51
4 29 47
4 30 41
4 31 181
4 32 0
4 33 0
3 22 ->
4 23 54
4 24 4
4 25 0
4 26 [2]
$1,-1
4 27 [2][4]
$3FF921FB54442D1C,40662CAA33105041,C064500000000001,4064788C757D9968
$3FF921FB54442D1C,4080A12A8CC4141,406807FFFFFFFFFF,4064788C757D9968
4 28 104
4 29 52
4 30 186
4 31 204
4 32 0
4 33 0
3 22 ->
4 23 53
4 24 4
4 25 0
4 26 [2]
$1,-1
4 27 [2][4]
$3FF921FB54442D1C,40662CAA33105041,C064500000000001,4064788C757D9968
$3FF921FB54442D1C,4080A12A8CC4141,406807FFFFFFFFFF,4064788C757D9968
4 28 103
4 29 51
4 30 185
4 31 203
4 32 0
4 33 0
3 22 ->
4 23 58
4 24 4
4 25 0
4 26 [2]
$1,-1
4 27 [2][4]
$406807FFFFFFFFFF,C054DEB851EB851F,BFF8,0
$406807FFFFFFFFFF,C06407738A82669D,BFF8,C053302EC319481B
4 28 96
4 29 56
4 30 98
4 31 176
4 32 0
4 33 0
3 22 ->
4 23 57
4 24 4
4 25 0
4 26 [2]
$1,-1
4 27 [2][4]
$406807FFFFFFFFFF,C054DEB851EB851F,BFF8,0
$406807FFFFFFFFFF,C06407738A82669D,BFF8,C053302EC319481B
4 28 95
4 29 55
4 30 97
4 31 175
4 32 0
4 33 0
3 22 ->
4 23 206
4 24 4
4 25 0
4 26 [2]
$1,-1
4 27 [15][4]
$C007FFFFFFFFFF84,C053902EC319481B,4012D97C7F3321A9,40662CAA33105041
$C0073FC321C4481,C0538FFE98900937,4012995D7B74FC62,40662CAA33105041
$C005D0221D0634E8,C0538E932D33E4D3,40121DD0B2641D34,40662CAA33105041
$C00468A506179105,C0538BC8695D116B,4011A243E9533E,40662CAA33105041
$C0030E85F27D0C56,C05387A8B188CFCB,401126B720425ED,40662CAA33105041
$C001C6CD365BABBB,C05382435F4BBF07,4010AB2A57317FA8,40662CAA33105041
$C000963EA9122C85,C0537BAC882F39D1,40102F9D8E20A06C,40662CAA33105041
$BFFF028FD17D5B72,C05373FCB2EF9357,400F68218A1F828C,40662CAA33105041
$BFFD17DFBD6A4327,C0536B507C3175B5,400E7107F7FDC40B,40662CAA33105041
$BFFB738F8480DFD8,C05361C82C02302B,400D79EE65DC05A1,40662CAA33105041
$BFFA1BBBA2F277D5,C05357873DAF5D67,400C82D4D3BA4738,40662CAA33105041
$BFF91563E33D3B1F,C0534CB3DBB521DD,400B8BBB419888EF,40662CAA33105041
$BFF86458C28D0EA9,C053417651AE984F,400A94A1AF76CA9B,40662CAA33105041
$BFF80B2D3E0EC79B,C05335F876593389,40099D881D550C39,40662CAA33105041
$BFF8,C053302EC319481B,400921FB54442D18,40662CAA33105041
4 28 56
4 29 112
4 30 58
4 31 200
4 32 0
4 33 0
3 22 ->
4 23 205
4 24 4
4 25 0
4 26 [2]
$1,-1
4 27 [15][4]
$C007FFFFFFFFFF84,C053902EC319481B,4012D97C7F3321A9,40662CAA33105041
$C0073FC321C4481,C0538FFE98900937,4012995D7B74FC62,40662CAA33105041
$C005D0221D0634E8,C0538E932D33E4D3,40121DD0B2641D34,40662CAA33105041
$C00468A506179105,C0538BC8695D116B,4011A243E9533E,40662CAA33105041
$C0030E85F27D0C56,C05387A8B188CFCB,401126B720425ED,40662CAA33105041
$C001C6CD365BABBB,C05382435F4BBF07,4010AB2A57317FA8,40662CAA33105041
$C000963EA9122C85,C0537BAC882F39D1,40102F9D8E20A06C,40662CAA33105041
$BFFF028FD17D5B72,C05373FCB2EF9357,400F68218A1F828C,40662CAA33105041
$BFFD17DFBD6A4327,C0536B507C3175B5,400E7107F7FDC40B,40662CAA33105041
$BFFB738F8480DFD8,C05361C82C02302B,400D79EE65DC05A1,40662CAA33105041
$BFFA1BBBA2F277D5,C05357873DAF5D67,400C82D4D3BA4738,40662CAA33105041
$BFF91563E33D3B1F,C0534CB3DBB521DD,400B8BBB419888EF,40662CAA33105041
$BFF86458C28D0EA9,C053417651AE984F,400A94A1AF76CA9B,40662CAA33105041
$BFF80B2D3E0EC79B,C05335F876593389,40099D881D550C39,40662CAA33105041
$BFF8,C053302EC319481B,400921FB54442D18,40662CAA33105041
4 28 55
4 29 111
4 30 57
4 31 199
4 32 0
4 33 0
3 22 ->
4 23 126
4 24 4
4 25 0
4 26 [2]
$1,-1
4 27 [2][4]
$406807FFFFFFFFFF,C064788C757D9967,C007FFFFFFFFFF86,C053902EC319481D
$406807FFFFFFFFFF,C06CA00000000002,C0510EE71504CD33,C053902EC319480D
4 28 124
4 29 56
4 30 118
4 31 206
4 32 0
4 33 0
3 22 ->
4 23 125
4 24 4
4 25 0
4 26 [2]
$1,-1
4 27 [2][4]
$406807FFFFFFFFFF,C064788C757D9967,C007FFFFFFFFFF86,C053902EC319481D
$406807FFFFFFFFFF,C06CA00000000002,C0510EE71504CD33,C053902EC319480D
4 28 123
4 29 55
4 30 117
4 31 205
4 32 0
4 33 0
3 22 ->
4 23 208
4 24 4
4 25 0
4 26 [2]
$1,-1
4 27 [2][4]
$BFF8,403DC,C0510EE71504CD33,C053902EC319480D
$0,403DC,C0510EE71504CD33,C053F02EC319480D
4 28 116
4 29 56
4 30 194
4 31 126
4 32 0
4 33 0
3 22 ->
4 23 207
4 24 4
4 25 0
4 26 [2]
$1,-1
4 27 [2][4]
$BFF8,403DC,C0510EE71504CD33,C053902EC319480D
$0,403DC,C0510EE71504CD33,C053F02EC319480D
4 28 115
4 29 55
4 30 193
4 31 125
4 32 0
4 33 0
3 22 ->
4 23 210
4 24 4
4 25 0
4 26 [2]
$1,-1
4 27 [2][4]
$C007FFFFFFFFFFC4,C053F02EC319481D,406807FFFFFFFFFF,C064788C757D9968
$C0510EE71504CD33,C053F02EC319480D,406807FFFFFFFFFF,C06CA00000000002
4 28 56
4 29 120
4 30 208
4 31 122
4 32 0
4 33 0
3 22 ->
4 23 209
4 24 4
4 25 0
4 26 [2]
$1,-1
4 27 [2][4]
$C007FFFFFFFFFFC4,C053F02EC319481D,406807FFFFFFFFFF,C064788C757D9968
$C0510EE71504CD33,C053F02EC319480D,406807FFFFFFFFFF,C06CA00000000002
4 28 55
4 29 119
4 30 207
4 31 121
4 32 0
4 33 0
3 22 ->
4 23 128
4 24 4
4 25 0
4 26 [2]
$1,-1
4 27 [20][4]
$4012D97C7F3321C8,40662CAA33105041,C007FFFFFFFFFFC5,C053F02EC319481B
$401289D07F333AF5,40662CAA33105041,C00622736E4CA9D2,C053EF9A10A96345
$40123273FDFF0CFD,40662CAA33105041,C0041A3D36B986A6,C053EDA24D5D57B1
$4011DB177CCADF07,40662CAA33105041,C0021948FACB454E,C053EA49C086577B
$401183BAFB96B10E,40662CAA33105041,C0002351ED5E7826,C053E596A52B5069
$40112C5E7A628314,40662CAA33105041,BFFC77FD9579C979,C053DF91BBAA998D
$4010D501F92E552,40662CAA33105041,BFF8CDB617FD8921,C053D846396E0ACD
$40107DA577FA272A,40662CAA33105041,BFF54EA09A60B0FF,C053CFC1B40BB3CD
$40102648F6C5F92C,40662CAA33105041,BFF2013FE50D254D,C053C61407FA101D
$400F9DD8EB239677,40662CAA33105041,BFEDD77461E0B6,C053BB4F3B06D3C5
$400EEF1FE8BB3A6B,40662CAA33105041,BFE8279B68144475,C053AF875AC75009
$400E4066E652DE8D,40662CAA33105041,BFE2FD8BDF55AFA4,C053A2D25740EF9D
$400D91ADE3EA82A,40662CAA33105041,BFDCC5C7512C73E8,C0539547DA0F5329
$400CE2F4E18226B4,40662CAA33105041,BFD4C06B3565CB3,C05387011A5420B3
$400C343BDF19CACC,40662CAA33105041,BFCBF3E62D512A4,C0537818ADC29311
$400B8582DCB16EE,40662CAA33105041,BFC0FDF99B37963,C05368AA571E396D
$400AD6C9DA4912E2,40662CAA33105041,BFB166F38712FE,C05358D2D2891659
$400A2810D7E0B709,40662CAA33105041,BF991EB88997AC4,C05348AFA00161FB
$40097957D5785B0A,40662CAA33105041,BF665B22C01114,C053385ECC729367
$400921FB54442D18,40662CAA33105041,3CD8,C053302EC319481B
4 28 108
4 29 56
4 30 132
4 31 210
4 32 0
4 33 0
3 22 ->
4 23 127
4 24 4
4 25 0
4 26 [2]
$1,-1
4 27 [20][4]
$4012D97C7F3321C8,40662CAA33105041,C007FFFFFFFFFFC5,C053F02EC319481B
$401289D07F333AF5,40662CAA33105041,C00622736E4CA9D2,C053EF9A10A96345
$40123273FDFF0CFD,40662CAA33105041,C0041A3D36B986A6,C053EDA24D5D57B1
$4011DB177CCADF07,40662CAA33105041,C0021948FACB454E,C053EA49C086577B
$401183BAFB96B10E,40662CAA33105041,C0002351ED5E7826,C053E596A52B5069
$40112C5E7A628314,40662CAA33105041,BFFC77FD9579C979,C053DF91BBAA998D
$4010D501F92E552,40662CAA33105041,BFF8CDB617FD8921,C053D846396E0ACD
$40107DA577FA272A,40662CAA33105041,BFF54EA09A60B0FF,C053CFC1B40BB3CD
$40102648F6C5F92C,40662CAA33105041,BFF2013FE50D254D,C053C61407FA101D
$400F9DD8EB239677,40662CAA33105041,BFEDD77461E0B6,C053BB4F3B06D3C5
$400EEF1FE8BB3A6B,40662CAA33105041,BFE8279B68144475,C053AF875AC75009
$400E4066E652DE8D,40662CAA33105041,BFE2FD8BDF55AFA4,C053A2D25740EF9D
$400D91ADE3EA82A,40662CAA33105041,BFDCC5C7512C73E8,C0539547DA0F5329
$400CE2F4E18226B4,40662CAA33105041,BFD4C06B3565CB3,C05387011A5420B3
$400C343BDF19CACC,40662CAA33105041,BFCBF3E62D512A4,C0537818ADC29311
$400B8582DCB16EE,40662CAA33105041,BFC0FDF99B37963,C05368AA571E396D
$400AD6C9DA4912E2,40662CAA33105041,BFB166F38712FE,C05358D2D2891659
$400A2810D7E0B709,40662CAA33105041,BF991EB88997AC4,C05348AFA00161FB
$40097957D5785B0A,40662CAA33105041,BF665B22C01114,C053385ECC729367
$400921FB54442D18,40662CAA33105041,3CD8,C053302EC319481B
4 28 107
4 29 55
4 30 131
4 31 209
4 32 0
4 33 0
3 22 ->
4 23 176
4 24 4
4 25 0
4 26 [2]
$1,-1
4 27 [2][4]
$BFF8,0,3FF8,4033FFFFFFFFFFF8
$0,0,0,4033FFFFFFFFFFF8
4 28 56
4 29 60
4 30 34
4 31 62
4 32 0
4 33 0
3 22 ->
4 23 175
4 24 4
4 25 0
4 26 [2]
$1,-1
4 27 [2][4]
$BFF8,0,3FF8,4033FFFFFFFFFFF8
$0,0,0,4033FFFFFFFFFFF8
4 28 55
4 29 59
4 30 33
4 31 61
4 32 0
4 33 0
3 22 ->
4 23 62
4 24 4
4 25 0
4 26 [2]
$1,-1
4 27 [2][4]
$406588,C054DEB851EB851F,3FF8,0
$406807FFFFFFFFFF,C054DEB851EB851F,3FF8,4033FFFFFFFFFFF8
4 28 96
4 29 60
4 30 58
4 31 174
4 32 0
4 33 0
3 22 ->
4 23 61
4 24 4
4 25 0
4 26 [2]
$1,-1
4 27 [2][4]
$406588,C054DEB851EB851F,3FF8,0
$406807FFFFFFFFFF,C054DEB851EB851F,3FF8,4033FFFFFFFFFFF8
4 28 95
4 29 59
4 30 57
4 31 173
4 32 0
4 33 0
3 22 ->
4 23 174
4 24 4
4 25 0
4 26 [2]
$1,-1
4 27 [2][4]
$3FF8,0,0,3FF8
$0,0,0,0
4 28 60
4 29 64
4 30 130
4 31 66
4 32 0
4 33 0
3 22 ->
4 23 173
4 24 4
4 25 0
4 26 [2]
$1,-1
4 27 [2][4]
$3FF8,0,0,3FF8
$0,0,0,0
4 28 59
4 29 63
4 30 129
4 31 65
4 32 0
4 33 0
3 22 ->
4 23 66
4 24 4
4 25 0
4 26 [2]
$1,-1
4 27 [2][4]
$406468A3D70A3D6F,C052A,40296636ECA723D8,3FF8
$406588,C054DEB851EB851F,0,3FF8
4 28 96
4 29 64
4 30 62
4 31 170
4 32 0
4 33 0
3 22 ->
4 23 65
4 24 4
4 25 0
4 26 [2]
$1,-1
4 27 [2][4]
$406468A3D70A3D6F,C052A,40296636ECA723D8,3FF8
$406588,C054DEB851EB851F,0,3FF8
4 28 95
4 29 63
4 30 61
4 31 169
4 32 0
4 33 0
3 22 ->
4 23 170
4 24 4
4 25 0
4 26 [2]
$1,-1
4 27 [2][4]
$40296636ECA723D8,3FF8,0,3FF8
$40296636ECA723D8,0,0,0
4 28 64
4 29 68
4 30 172
4 31 70
4 32 0
4 33 0
3 22 ->
4 23 169
4 24 4
4 25 0
4 26 [2]
$1,-1
4 27 [2][4]
$40296636ECA723D8,3FF8,0,3FF8
$40296636ECA723D8,0,0,0
4 28 63
4 29 67
4 30 171
4 31 69
4 32 0
4 33 0
3 22 ->
4 23 70
4 24 4
4 25 0
4 26 [2]
$1,-1
4 27 [2][4]
$406588,C0506147AE147AE1,40296636ECA723D8,3FF8
$406468A3D70A3D6F,C052A,0,3FF8
4 28 96
4 29 68
4 30 66
4 31 166
4 32 0
4 33 0
3 22 ->
4 23 69
4 24 4
4 25 0
4 26 [2]
$1,-1
4 27 [2][4]
$406588,C0506147AE147AE1,40296636ECA723D8,3FF8
$406468A3D70A3D6F,C052A,0,3FF8
4 28 95
4 29 67
4 30 65
4 31 165
4 32 0
4 33 0
3 22 ->
4 23 166
4 24 4
4 25 0
4 26 [2]
$1,-1
4 27 [2][4]
$40296636ECA723D8,3FF8,0,3FF8
$40296636ECA723D8,0,0,0
4 28 68
4 29 72
4 30 168
4 31 74
4 32 0
4 33 0
3 22 ->
4 23 165
4 24 4
4 25 0
4 26 [2]
$1,-1
4 27 [2][4]
$40296636ECA723D8,3FF8,0,3FF8
$40296636ECA723D8,0,0,0
4 28 67
4 29 71
4 30 167
4 31 73
4 32 0
4 33 0
3 22 ->
4 23 74
4 24 4
4 25 0
4 26 [2]
$1,-1
4 27 [2][4]
$406808,C0506147AE147ADB,4034,3FF8
$406588,C0506147AE147AE1,0,3FF8
4 28 96
4 29 72
4 30 70
4 31 162
4 32 0
4 33 0
3 22 ->
4 23 73
4 24 4
4 25 0
4 26 [2]
$1,-1
4 27 [2][4]
$406808,C0506147AE147ADB,4034,3FF8
$406588,C0506147AE147AE1,0,3FF8
4 28 95
4 29 71
4 30 69
4 31 161
4 32 0
4 33 0
3 22 ->
4 23 162
4 24 4
4 25 0
4 26 [2]
$1,-1
4 27 [2][4]
$4034,3FF8,C0606147AE147ADE,3FF8
$4034,0,C0606147AE147ADE,0
4 28 72
4 29 76
4 30 164
4 31 78
4 32 0
4 33 0
3 22 ->
4 23 161
4 24 4
4 25 0
4 26 [2]
$1,-1
4 27 [2][4]
$4034,3FF8,C0606147AE147ADE,3FF8
$4034,0,C0606147AE147ADE,0
4 28 71
4 29 75
4 30 163
4 31 77
4 32 0
4 33 0
3 22 ->
4 23 78
4 24 4
4 25 0
4 26 [2]
$1,-1
4 27 [2][4]
$406807FFFFFFFFFF,40506147AE147AE1,0,3FF8
$406808,C0506147AE147ADB,C0606147AE147ADE,3FF8
4 28 96
4 29 76
4 30 74
4 31 158
4 32 0
4 33 0
3 22 ->
4 23 77
4 24 4
4 25 0
4 26 [2]
$1,-1
4 27 [2][4]
$406807FFFFFFFFFF,40506147AE147AE1,0,3FF8
$406808,C0506147AE147ADB,C0606147AE147ADE,3FF8
4 28 95
4 29 75
4 30 73
4 31 157
4 32 0
4 33 0
3 22 ->
4 23 158
4 24 4
4 25 0
4 26 [2]
$1,-1
4 27 [2][4]
$0,3FF8,3FF8,4033FFFFFFFFFFF8
$0,0,0,4033FFFFFFFFFFF8
4 28 76
4 29 80
4 30 160
4 31 82
4 32 0
4 33 0
3 22 ->
4 23 157
4 24 4
4 25 0
4 26 [2]
$1,-1
4 27 [2][4]
$0,3FF8,3FF8,4033FFFFFFFFFFF8
$0,0,0,4033FFFFFFFFFFF8
4 28 75
4 29 79
4 30 159
4 31 81
4 32 0
4 33 0
3 22 ->
4 23 82
4 24 4
4 25 0
4 26 [2]
$1,-1
4 27 [2][4]
$406588,40506147AE147AE1,3FF8,0
$406807FFFFFFFFFF,40506147AE147AE1,3FF8,4033FFFFFFFFFFF8
4 28 96
4 29 80
4 30 78
4 31 154
4 32 0
4 33 0
3 22 ->
4 23 81
4 24 4
4 25 0
4 26 [2]
$1,-1
4 27 [2][4]
$406588,40506147AE147AE1,3FF8,0
$406807FFFFFFFFFF,40506147AE147AE1,3FF8,4033FFFFFFFFFFF8
4 28 95
4 29 79
4 30 77
4 31 153
4 32 0
4 33 0
3 22 ->
4 23 154
4 24 4
4 25 0
4 26 [2]
$1,-1
4 27 [2][4]
$3FF8,0,C0296636ECA723D8,3FF8
$0,0,C0296636ECA723D8,0
4 28 80
4 29 84
4 30 156
4 31 86
4 32 0
4 33 0
3 22 ->
4 23 153
4 24 4
4 25 0
4 26 [2]
$1,-1
4 27 [2][4]
$3FF8,0,C0296636ECA723D8,3FF8
$0,0,C0296636ECA723D8,0
4 28 79
4 29 83
4 30 155
4 31 85
4 32 0
4 33 0
3 22 ->
4 23 86
4 24 4
4 25 0
4 26 [2]
$1,-1
4 27 [2][4]
$406468A3D70A3D6F,4052A,0,3FF8
$406588,40506147AE147AE1,C0296636ECA723D8,3FF8
4 28 96
4 29 84
4 30 82
4 31 150
4 32 0
4 33 0
3 22 ->
4 23 85
4 24 4
4 25 0
4 26 [2]
$1,-1
4 27 [2][4]
$406468A3D70A3D6F,4052A,0,3FF8
$406588,40506147AE147AE1,C0296636ECA723D8,3FF8
4 28 95
4 29 83
4 30 81
4 31 149
4 32 0
4 33 0
3 22 ->
4 23 150
4 24 4
4 25 0
4 26 [2]
$1,-1
4 27 [2][4]
$0,3FF8,C0296636ECA723D8,3FF8
$0,0,C0296636ECA723D8,0
4 28 84
4 29 88
4 30 152
4 31 90
4 32 0
4 33 0
3 22 ->
4 23 149
4 24 4
4 25 0
4 26 [2]
$1,-1
4 27 [2][4]
$0,3FF8,C0296636ECA723D8,3FF8
$0,0,C0296636ECA723D8,0
4 28 83
4 29 87
4 30 151
4 31 89
4 32 0
4 33 0
3 22 ->
4 23 90
4 24 4
4 25 0
4 26 [2]
$1,-1
4 27 [2][4]
$406588,4054DEB851EB851F,0,3FF8
$406468A3D70A3D6F,4052A,C0296636ECA723D8,3FF8
4 28 96
4 29 88
4 30 86
4 31 146
4 32 0
4 33 0
3 22 ->
4 23 89
4 24 4
4 25 0
4 26 [2]
$1,-1
4 27 [2][4]
$406588,4054DEB851EB851F,0,3FF8
$406468A3D70A3D6F,4052A,C0296636ECA723D8,3FF8
4 28 95
4 29 87
4 30 85
4 31 145
4 32 0
4 33 0
3 22 ->
4 23 146
4 24 4
4 25 0
4 26 [2]
$1,-1
4 27 [2][4]
$0,3FF8,BFF8,0
$0,0,0,0
4 28 88
4 29 92
4 30 148
4 31 94
4 32 0
4 33 0
3 22 ->
4 23 145
4 24 4
4 25 0
4 26 [2]
$1,-1
4 27 [2][4]
$0,3FF8,BFF8,0
$0,0,0,0
4 28 87
4 29 91
4 30 147
4 31 93
4 32 0
4 33 0
3 22 ->
4 23 94
4 24 4
4 25 0
4 26 [2]
$1,-1
4 27 [2][4]
$406807FFFFFFFFFF,4054DEB851EB851F,BFF8,4033FFFFFFFFFFF8
$406588,4054DEB851EB851F,BFF8,0
4 28 96
4 29 92
4 30 90
4 31 142
4 32 0
4 33 0
3 22 ->
4 23 93
4 24 4
4 25 0
4 26 [2]
$1,-1
4 27 [2][4]
$406807FFFFFFFFFF,4054DEB851EB851F,BFF8,4033FFFFFFFFFFF8
$406588,4054DEB851EB851F,BFF8,0
4 28 95
4 29 91
4 30 89
4 31 141
4 32 0
4 33 0
3 22 ->
4 23 98
4 24 4
4 25 0
4 26 [2]
$1,-1
4 27 [2][4]
$400921FB54442D18,4080A12A8CC4141,C064500000000001,C06407738A82669D
$400921FB54442D18,40662CAA33105041,406807FFFFFFFFFF,C06407738A82669D
4 28 112
4 29 96
4 30 206
4 31 202
4 32 0
4 33 0
3 22 ->
4 23 97
4 24 4
4 25 0
4 26 [2]
$1,-1
4 27 [2][4]
$400921FB54442D18,4080A12A8CC4141,C064500000000001,C06407738A82669D
$400921FB54442D18,40662CAA33105041,406807FFFFFFFFFF,C06407738A82669D
4 28 111
4 29 95
4 30 205
4 31 201
4 32 0
4 33 0
3 22 ->
4 23 188
4 24 4
4 25 0
4 26 [2]
$1,-1
4 27 [2][4]
$C064500000000001,406407738A82669D,0,40662CAA33105041
$406807FFFFFFFFFF,406407738A82669D,0,4080A12A8CC4141
4 28 96
4 29 104
4 30 190
4 31 106
4 32 0
4 33 0
3 22 ->
4 23 187
4 24 4
4 25 0
4 26 [2]
$1,-1
4 27 [2][4]
$C064500000000001,406407738A82669D,0,40662CAA33105041
$406807FFFFFFFFFF,406407738A82669D,0,4080A12A8CC4141
4 28 95
4 29 103
4 30 189
4 31 105
4 32 0
4 33 0
3 22 ->
4 23 122
4 24 4
4 25 0
4 26 [2]
$1,-1
4 27 [2][4]
$4012D97C7F3321C8,4080A12A8CC41411,C064500000000003,C064788C757D9968
$4012D97C7F3321C8,40662CAA33105041,406807FFFFFFFFFF,C064788C757D9968
4 28 108
4 29 120
4 30 128
4 31 192
4 32 0
4 33 0
3 22 ->
4 23 121
4 24 4
4 25 0
4 26 [2]
$1,-1
4 27 [2][4]
$4012D97C7F3321C8,4080A12A8CC41411,C064500000000003,C064788C757D9968
$4012D97C7F3321C8,40662CAA33105041,406807FFFFFFFFFF,C064788C757D9968
4 28 107
4 29 119
4 30 127
4 31 191
4 32 0
4 33 0
3 22 ->
4 23 200
4 24 4
4 25 0
4 26 [2]
$1,-1
4 27 [2][4]
$C064500000000001,C064788C757D9968,4012D97C7F3321BE,4080A12A8CC4141
$406807FFFFFFFFFF,C064788C757D9968,4012D97C7F3321BE,40662CAA33105041
4 28 124
4 29 112
4 30 126
4 31 114
4 32 0
4 33 0
3 22 ->
4 23 199
4 24 4
4 25 0
4 26 [2]
$1,-1
4 27 [2][4]
$C064500000000001,C064788C757D9968,4012D97C7F3321BE,4080A12A8CC4141
$406807FFFFFFFFFF,C064788C757D9968,4012D97C7F3321BE,40662CAA33105041
4 28 123
4 29 111
4 30 125
4 31 113
4 32 0
4 33 0
3 22 ->
4 23 118
4 24 4
4 25 0
4 26 [2]
$1,-1
4 27 [2][4]
$406807FFFFFFFFFF,C06CA00000000002,BFF8,403DC
$C064500000000001,C06CA00000000002,BFF8,C0745
4 28 124
4 29 116
4 30 198
4 31 208
4 32 0
4 33 0
3 22 ->
4 23 117
4 24 4
4 25 0
4 26 [2]
$1,-1
4 27 [2][4]
$406807FFFFFFFFFF,C06CA00000000002,BFF8,403DC
$C064500000000001,C06CA00000000002,BFF8,C0745
4 28 123
4 29 115
4 30 197
4 31 207
4 32 0
4 33 0
3 22 ->
4 23 194
4 24 4
4 25 0
4 26 [2]
$1,-1
4 27 [2][4]
$0,403DC,406807FFFFFFFFFF,C06CA00000000002
$0,C0745,C064500000000001,C06CA00000000002
4 28 116
4 29 120
4 30 196
4 31 210
4 32 0
4 33 0
3 22 ->
4 23 193
4 24 4
4 25 0
4 26 [2]
$1,-1
4 27 [2][4]
$0,403DC,406807FFFFFFFFFF,C06CA00000000002
$0,C0745,C064500000000001,C06CA00000000002
4 28 115
4 29 119
4 30 195
4 31 209
4 32 0
4 33 0
@qlt_array 34 0
2 34 [1]
3 34 ->
@quilt_id 35 1
4 35 30
@data_type 36 1
4 36 57
@attr 37 1
4 37 1
@feat_id 38 1
4 38 4
@first_geom_ptr 39 1
4 39 31
@used_by_feat_id 40 1
4 40 4
@next_quilt_ptr 41 1
4 41 0
#NovisGeom
@Sld_NonVisGeom 1 0
0 1 ->
@inactive_geom 2 0
1 2 
#ActEntity
@Sld_Entities 1 0
0 1 ->
@act_feat_ents 2 0
1 2 [1]
2 2 
@feat_id 3 1
3 3 2
@datum_id 4 1
3 4 -1
@entity_ptr(coord_sys) 5 0
3 5 ->
@type 6 1
4 6 18
@id 7 1
4 7 3
@gen_info 8 0
4 8 
@color 9 1
5 9 1
@sys_type 10 1
4 10 -1
@pnt_type 11 1
4 11 -1
@radius 12 2
4 12 0
@local_sys 13 2
4 13 [4][3]
$3FF,0,0
$0,3FF,0
$0,0,3FF
$0,0,0
@feat_id 14 1
4 14 2
@entity(text) 15 0
3 15 ->
@text_type 16 1
4 16 34
@text_value 17 10
4 17 POR_01_00_00
@txt_attrib 18 1
4 18 1
@coord 19 2
4 19 [3]
$0,0,0
@owner_id 20 1
4 20 3
@height 21 2
4 21 BFF
@width_factor 22 2
4 22 BFF
@format_info 23 0
4 23 
@thickness 24 2
4 24 BFF
#AllFeatur
@Sld_Features 1 0
0 1 ->
@first_feat_ptr 2 0
1 2 ->
@id 3 1
2 3 2
@indep_attributes 4 1
2 4 4097
@feat_type_ptr 5 0
2 5 ->
@table_id 6 1
3 6 -1
@type 7 1
3 7 979
@feattype_key 8 10
3 8 NULL
@form 9 1
3 9 0
@attributes 10 1
3 10 [3]
$0,0,0
@placement 11 1
3 11 0
@intersection 12 1
3 12 -1
@internal_udf_type 13 1
3 13 -1
@param_choice_ptr 14 0
3 14 ->
@blend_choice 15 1
4 15 0
@depth_choice 16 1
4 16 0
@angle_choice 17 1
4 17 0
@pat_choice 18 1
4 18 -1
@round_choice 19 1
4 19 -1
@subsec_choice 20 1
4 20 -1
@sweep_choice 21 1
4 21 0
@dome_choice 22 1
4 22 0
@draft_choice 23 1
4 23 0
@misc_choice 24 1
4 24 [2]
$384,0
@assoc_type 25 1
3 25 0
@symbol_key 26 1
2 26 -1
@sect_name 27 10
2 27 no_name
@model_type 28 1
2 28 2
@idtab_ptr 29 0
2 29 ->
@misc_id_tab 30 0
3 30 [1]
4 30 
@misc_hist 31 1
5 31 [5]
$3,534,0,-1,500
@save_geoms 32 0
3 32 NULL
@cr_flags_xar 33 1
3 33 NULL
@cvt_feat_dat 34 0
3 34 NULL
@feat_dates_ptr 35 0
3 35 ->
@creat_date 36 1
4 36 200057
@regen_date 37 1
4 37 200057
@group_info_ptr 38 0
2 38 NULL
@intrs_pairs_ptr 39 0
2 39 ->
@place_rec_ptr 40 0
2 40 ->
@local_sys 41 2
3 41 [4][3]
$3FF,0,0
$0,3FF,0
$0,0,3FF
$0,0,0
@own_ref_id 42 1
3 42 -1
@orient 43 1
3 43 0
@trf_arr 44 0
3 44 [1]
4 44 
@type 45 1
5 45 10
@idx 46 1
5 46 0
@transf 47 2
5 47 [4][3]
$3FF,0,0
$0,3FF,0
$0,0,3FF
$0,0,0
@next_prop 48 0
2 48 NULL
@first_geom_id 49 1
2 49 -1
@cond_tbl_idx 50 1
2 50 -1
@comment 51 10
2 51 NULL
@merge_info_ptr 52 0
2 52 NULL
@topology_increment 53 0
2 53 ->
@first_geom 54 1
3 54 0
@first_quilt 55 1
3 55 0
@outline 56 2
3 56 [2][3]
$0,0,0
$0,0,0
@max_part_size 57 2
3 57 0
@xform_increment 58 0
3 58 NULL
@roll_back_id 59 1
3 59 -1
@time_stamp 60 0
3 60 ->
@time 61 1
4 61 985690330
@random_num 62 1
4 62 2051749027
@hostid 63 1
4 63 680431796
@state_ind 64 1
2 64 -1
@alumni_info 65 0
2 65 NULL
@revnum 66 1
2 66 0
@rev_rec 67 0
2 67 ->
@num_plins 68 1
3 68 0
@expl_state_ref 69 0
2 69 NULL
@feat_outl_info 70 0
2 70 ->
@ent_outl 71 2
2 71 [2][3]
$0,0,0
$0,0,0
@next_feat_ptr 72 0
1 72 ->
2 3 4
2 4 2049
2 5 ->
3 6 -1
3 7 932
3 8 NULL
3 9 0
3 10 [3]
$0,0,0
3 11 0
3 12 991
3 13 -1
3 14 ->
4 15 0
4 16 0
4 17 0
4 18 -1
4 19 -1
4 20 -1
4 21 0
4 22 0
4 23 0
4 24 [2]
$4136,0
3 25 0
2 26 -1
2 27 no_name
2 28 2
2 29 ->
@srf_id_arr 73 1
3 73 [48][4]
$32,212,33,0
$36,212,37,0
$40,212,41,0
$44,212,45,0
$48,212,49,0
$52,212,53,0
$56,212,57,0
$60,212,61,0
$64,212,65,0
$68,212,69,0
$72,212,73,0
$76,212,77,0
$80,212,81,0
$84,212,85,0
$88,212,89,0
$92,212,93,0
$96,212,97,0
$100,212,101,0
$104,212,105,0
$108,212,109,0
$112,212,113,0
$116,212,117,0
$120,212,121,0
$124,212,125,0
$31,214,32,0
$35,214,36,0
$39,214,40,0
$43,214,44,0
$47,214,48,0
$51,214,52,0
$55,214,56,0
$59,214,60,0
$63,214,64,0
$67,214,68,0
$71,214,72,0
$75,214,76,0
$79,214,80,0
$83,214,84,0
$87,214,88,0
$91,214,92,0
$95,214,96,0
$99,214,100,0
$103,214,104,0
$107,214,108,0
$111,214,112,0
$115,214,116,0
$119,214,120,0
$123,214,124,0
@edg_id_arr 74 1
3 74 [132][6]
$34,232,0,0,0,56
$132,232,0,0,0,32
$134,232,0,0,0,44
$136,232,0,0,0,100
$140,232,0,0,0,40
$144,232,0,0,0,92
$148,232,0,0,0,88
$152,232,0,0,0,84
$156,232,0,0,0,80
$160,232,0,0,0,76
$164,232,0,0,0,72
$168,232,0,0,0,68
$172,232,0,0,0,64
$130,232,0,0,0,60
$38,232,0,0,0,40
$180,232,0,0,0,36
$46,232,0,0,0,44
$178,232,0,0,0,48
$42,232,0,0,0,52
$186,232,0,0,0,40
$190,232,0,0,0,96
$142,232,0,0,0,92
$138,232,0,0,0,100
$184,232,0,0,0,40
$102,232,0,0,0,100
$110,232,0,0,0,108
$192,232,0,0,0,44
$196,232,0,0,0,44
$198,232,0,0,0,124
$114,232,0,0,0,44
$202,232,0,0,0,96
$106,232,0,0,0,44
$204,232,0,0,0,52
$182,232,0,0,0,48
$50,232,0,0,0,52
$54,232,0,0,0,104
$58,232,0,0,0,96
$206,232,0,0,0,56
$126,232,0,0,0,124
$208,232,0,0,0,116
$210,232,0,0,0,56
$128,232,0,0,0,108
$176,232,0,0,0,56
$62,232,0,0,0,96
$174,232,0,0,0,60
$66,232,0,0,0,96
$170,232,0,0,0,64
$70,232,0,0,0,96
$166,232,0,0,0,68
$74,232,0,0,0,96
$162,232,0,0,0,72
$78,232,0,0,0,96
$158,232,0,0,0,76
$82,232,0,0,0,96
$154,232,0,0,0,80
$86,232,0,0,0,96
$150,232,0,0,0,84
$90,232,0,0,0,96
$146,232,0,0,0,88
$94,232,0,0,0,96
$98,232,0,0,0,112
$188,232,0,0,0,96
$122,232,0,0,0,108
$200,232,0,0,0,124
$118,232,0,0,0,124
$194,232,0,0,0,116
$33,286,34,0,0,55
$131,286,132,0,0,31
$133,286,134,0,0,43
$135,286,136,0,0,99
$139,286,140,0,0,39
$143,286,144,0,0,91
$147,286,148,0,0,87
$151,286,152,0,0,83
$155,286,156,0,0,79
$159,286,160,0,0,75
$163,286,164,0,0,71
$167,286,168,0,0,67
$171,286,172,0,0,63
$129,286,130,0,0,59
$37,286,38,0,0,39
$179,286,180,0,0,35
$45,286,46,0,0,43
$177,286,178,0,0,47
$41,286,42,0,0,51
$185,286,186,0,0,39
$189,286,190,0,0,95
$141,286,142,0,0,91
$137,286,138,0,0,99
$183,286,184,0,0,39
$101,286,102,0,0,99
$109,286,110,0,0,107
$191,286,192,0,0,43
$195,286,196,0,0,43
$197,286,198,0,0,123
$113,286,114,0,0,43
$201,286,202,0,0,95
$105,286,106,0,0,43
$203,286,204,0,0,51
$181,286,182,0,0,47
$49,286,50,0,0,51
$53,286,54,0,0,103
$57,286,58,0,0,95
$205,286,206,0,0,55
$125,286,126,0,0,123
$207,286,208,0,0,115
$209,286,210,0,0,55
$127,286,128,0,0,107
$175,286,176,0,0,55
$61,286,62,0,0,95
$173,286,174,0,0,59
$65,286,66,0,0,95
$169,286,170,0,0,63
$69,286,70,0,0,95
$165,286,166,0,0,67
$73,286,74,0,0,95
$161,286,162,0,0,71
$77,286,78,0,0,95
$157,286,158,0,0,75
$81,286,82,0,0,95
$153,286,154,0,0,79
$85,286,86,0,0,95
$149,286,150,0,0,83
$89,286,90,0,0,95
$145,286,146,0,0,87
$93,286,94,0,0,95
$97,286,98,0,0,111
$187,286,188,0,0,95
$121,286,122,0,0,107
$199,286,200,0,0,123
$117,286,118,0,0,123
$193,286,194,0,0,115
3 30 [1]
4 30 
5 31 [5]
$30,207,31,-1,501
3 32 NULL
3 33 NULL
3 34 NULL
3 35 ->
4 36 200057
4 37 200057
2 38 NULL
2 39 ->
2 40 ->
3 41 [4][3]
$3FF,0,0
$0,3FF,0
$0,0,3FF
$0,0,0
@place_instruction_ptrs 75 0
3 75 [1]
4 75 ->
@type 76 1
5 76 82
@offset 77 2
5 77 0
@dim_id 78 1
5 78 -1
@ref_id 79 1
5 79 -1
@geometry1_id 80 1
5 80 3
@geometry2_id 81 1
5 81 -1
@memb_num1 82 1
5 82 0
@memb_num2 83 1
5 83 0
@attr 84 1
5 84 0
3 42 -1
3 43 0
2 48 NULL
2 49 -1
2 50 -1
2 51 NULL
2 52 NULL
@dat_ptr(intf_data) 85 0
2 85 ->
@type 86 1
3 86 342
@filename 87 10
3 87 d:\temp\whoopie.sldprt
@model_size 88 2
3 88 4059
@model_eps 89 2
3 89 0
@make_solid_feature 90 1
3 90 1
@op_type 91 1
3 91 1
@time_stamp 92 0
3 92 
@tm_sec 93 1
4 93 46
@tm_min 94 1
4 94 46
@tm_hour 95 1
4 95 21
@tm_mday 96 1
4 96 16
@tm_mon 97 1
4 97 7
@tm_year 98 1
4 98 2025
@potentially_modified 99 1
3 99 0
@reread 100 1
3 100 0
@parent_table 101 1
2 101 [1]
$2
2 53 ->
3 54 0
3 55 0
3 56 [2][3]
$0,0,0
$0,0,0
3 57 0
3 58 NULL
3 59 -1
3 60 ->
4 61 985690330
4 62 2051749027
4 63 680431796
2 64 -1
2 65 NULL
2 66 1
2 67 ->
3 68 1
2 69 NULL
2 70 NULL
1 72 NULL
@layer_list 102 0
1 102 [2]
2 102 
@feat_id 103 1
3 103 2
@layer_id 104 1
3 104 0
@back_layer_id 105 1
3 105 0
2 102 
3 103 4
3 104 0
3 105 0
#FullMData
@Sld_FullData 1 0
0 1 ->
@first_member_ptr 2 0
1 2 NULL
@alumni_members 3 0
1 3 NULL
@first_xsec_ptr 4 0
1 4 NULL
@lang_ptr 5 0
1 5 NULL
@first_csys_ptr 6 0
1 6 NULL
@ipar_num 7 1
1 7 0
@smt_info_ptr 8 0
1 8 NULL
@cable_info_ptr 9 0
1 9 NULL
@comp_info_ptr 10 0
1 10 NULL
@prt_misc_ptr 11 0
1 11 ->
@shrink_data_ptr 12 0
2 12 NULL
@expld_mv_info 13 0
1 13 NULL
@state_info_ptr 14 0
1 14 NULL
@alumni_feats 15 0
1 15 NULL
@p_mdl_grid 16 0
1 16 NULL
@mdl_status_ptr 17 0
1 17 NULL
@appl_info_arr 18 0
1 18 [1]
2 18 
@id 19 1
3 19 -1
@type 20 1
3 20 13
@ribbon_info_ptr 21 0
1 21 NULL
@p_xref_data 22 0
1 22 ->
@first_analysis_feat 23 0
1 23 NULL
#ModelView#0
@View 1 0
0 1 ->
@id 2 1
1 2 0
@viewattr 3 0
1 3 
@attr_arr 4 1
2 4 [4]
$1,0,0,0
@mpoint 5 0
1 5 
@id 6 1
2 6 0
@coord 7 2
2 7 [3]
$0,0,0
@first_instr_ptr 8 0
2 8 NULL
@attach_ptr 9 0
2 9 NULL
@vpoint 10 0
1 10 
2 6 0
2 7 [3]
$407F4,407A5E,0
2 8 NULL
2 9 NULL
@orient 11 2
1 11 [4][4]
$3FF,0,0,0
$0,3FF,0,0
$0,0,3FF,0
$0,0,0,3FF
@local_sys 12 2
1 12 [4][4]
$3FF,0,0,0
$0,3FF,0,0
$0,0,3FF,0
$0,0,0,3FF
@world_matrix_ptr 13 0
1 13 NULL
@first_instr_ptr 14 0
1 14 ->
@type 15 1
2 15 100
@geom_id 16 1
2 16 -1
@view_id 17 1
2 17 -1
@memb_num 18 1
2 18 0
@offset 19 2
2 19 0
@matrix 20 0
2 20 NULL
@next_instr_ptr 21 0
1 21 ->
2 15 301
2 16 -1
2 17 -1
2 18 0
2 19 3FF
2 20 NULL
1 21 NULL
@outer_xsec_index 22 1
1 22 -1
@next_view_id 23 1
1 23 -2
@simp_rep_id 24 1
1 24 0
@name 25 10
1 25 no name
@fit_outline 26 2
1 26 [2][3]
$4059,405518,0
$408C2,4087BB,0
@det_info_ptr 27 0
1 27 NULL
@named_view_pzmatr 28 0
1 28 NULL
@page_id 29 1
1 29 0
@model_name 30 10
1 30 NULL
@unrep_model_name 31 10
1 31 NULL
@saved_pro_dls 32 0
1 32 ->
@eye 33 0
2 33 
@matrix 34 2
3 34 [4][4]
$3FF,0,0,0
$0,3FF,0,0
$0,0,3FF,0
$0,0,0,3FF
@position 35 2
3 35 [3]
$0,0,0
@view_angle 36 2
3 36 0
@explode_state 37 0
1 37 NULL
#DispDataColor
@ref_color_table 1 0
0 1 
#DispDataTable
@disp_data_table 1 0
0 1 
@disp_data_arr 2 0
1 2 [1]
2 2 
@disp_data 3 0
3 3 ->
@part_color 4 1
4 4 0
@color_prop_ptr 5 0
4 5 ->
@color_refs 6 0
5 6 [1]
6 6 
@ref_color 7 0
7 7 ->
@maximum 8 2
8 8 [3]
$3FE6565656565656,3FE6565656565656,3FE6565656565656
@ambient 9 2
8 9 3FF
@diffuse 10 2
8 10 3FF
@specular 11 2
8 11 3FF
@spec_coef 12 2
8 12 3FF
@transmission 13 2
8 13 0
@threshold 14 1
8 14 90
@gl_ind 15 1
8 15 2
@highlight 16 2
8 16 [3]
$3FF,3FF,3FF
@reflection 17 2
8 17 3FF
@bump_height 18 2
8 18 3FF
@bump 19 3
8 19 NULL
@decal_intensity 20 2
8 20 3FF
@decal 21 3
8 21 NULL
@texture 22 3
8 22 NULL
@surf_ind_tab 23 0
5 23 [1]
6 23 
@surf_id 24 1
7 24 -1
@surf_color_inds 25 1
7 25 [2]
$0,-1
@surf_pl 26 0
7 26 [2]
8 26 
@placement_ptr 27 0
9 27 NULL
8 26 
9 27 NULL
@model_type 28 1
4 28 2
@flags 29 1
4 29 0
@generic_name 30 10
4 30 NULL
@label 31 10
4 31 NULL
@components 32 0
4 32 
#AssMrgPrt
@assem_merge_parts 1 0
0 1 ->
#END_OF_UGC
